Version	KoJaC2_v7r2	 ACFG	 INTERNAL 
Modfile	016cccc.mod
comment	VShape GPPC ZUM

Analysis name	.a016cccc_t2600a080d
Applied torque	2600.0
Rpm	200.0
Articulation angle	8.0




Powerflow 	Drive
JointType 	AAR_joint

Angle_Rot_Spider.LastRot	Angle_Rot_Tulip.LastRot	Force_Roller_Tulip_Total_JointRef.z	Force_Roller1_TulipTrack_tot.z	
0.0	0.42709	45.047478973496084	32.00152557820427
1.0	1.4271	54.43812570802161	24.069345903781723
2.0	2.42712	33.81627108409644	21.11201403646363
3.0	3.42714	35.335868213636616	16.48761781998935
4.0	4.42715	25.740138129244833	15.398141653892162
5.0	5.42717	30.61176290654072	14.619184217593425
6.0	6.4272	33.675553872928	14.21962719389111
7.0	7.42722	20.730189645738594	13.4123690021227
8.0	8.42726	29.87010222551233	12.733353394456463
9.0	9.42732	35.3584552786512	11.37787767371901
10.0	10.42739	25.794706518779023	10.05824550687839
11.0	11.42747	20.79077767393292	8.42922422692996
12.0	12.42757	33.17030995230771	6.940975809363649
13.0	13.42769	38.54684741608459	5.556113185604303
14.0	14.42782	20.77159390255377	4.051735426781266
15.0	15.42796	28.067884605608274	4.746593397149382
16.0	16.42811	37.65237728913002	5.843056962696148
17.0	17.42815	35.11447424468625	-0.4982218776242258
18.0	18.42815	31.513734098683642	-11.370335729814007
19.0	19.42821	16.662666611882727	-21.690318455441002
20.0	20.42826	13.652514285781637	-19.08052396986619
21.0	21.42822	5.795421343015533	-23.29943455734233
22.0	22.42808	10.97372772027461	-27.091872696436614
23.0	23.42786	-1.7111764316159397	-26.910259647976144
24.0	24.42761	11.157719127649317	-25.664175536693495
25.0	25.42728	-6.006792807836163	-29.744486417441426
26.0	26.42697	-8.07688968000828	-27.73184513836973
27.0	27.42672	-0.6999008900344708	-26.526112086957124
28.0	28.42652	2.747587123511423	-26.023850806666566
29.0	29.42637	-1.6384248439346718	-18.80633947698527
30.0	30.42623	-14.951984639964566	-34.81901945255147
31.0	31.4261	-19.719553506238086	-29.690827266902556
32.0	32.426	-0.2511857586741115	-15.51703239747998
33.0	33.42593	-28.307641577439963	-42.882845229937445
34.0	34.4259	-26.07486511218979	-25.688466192504556
35.0	35.42587	-13.409132610169808	-25.7056275789525
36.0	36.42583	-17.624745975860105	-25.35801079149671
37.0	37.42581	-26.728996499564122	-27.66203284835654
38.0	38.42581	-30.12628259172944	-27.977840136281813
39.0	39.42583	-35.81254615900749	-30.88564984180332
40.0	40.42584	-72.50959619700345	-69.11907552204912
41.0	41.42587	-74.9655687010191	-70.0247009168005
42.0	42.42592	-75.04195074294532	-66.59342801498032
43.0	43.42597	-75.14700623244833	-69.47284116460114
44.0	44.42602	-81.53212097003279	-69.93344400932811
45.0	45.42607	-80.24670400897232	-73.58058584726291
46.0	46.42613	-83.84617883799613	-72.55297452402594
47.0	47.4262	-80.70383765116324	-71.62347987032464
48.0	48.42625	-80.22413466273134	-73.36548879873384
49.0	49.42633	-78.33367190171202	-72.3825288483346
50.0	50.42643	-73.26139696311432	-73.19404687864868
51.0	51.42651	-79.0089543870167	-73.11126404264387
52.0	52.4266	-88.9623946553969	-75.35820491347909
53.0	53.42669	-78.59951134986643	-74.0820129528971
54.0	54.42674	-86.46271256735531	-73.91480165777023
55.0	55.4268	-85.98007077410578	-84.56183850055608
56.0	56.42686	-85.98504035484045	-73.76997934706401
57.0	57.42691	-57.205263441064055	-73.9000758800153
58.0	58.42695	-69.43076806055751	-75.32175126991484
59.0	59.42699	-63.154574043227925	-75.045669571177
60.0	60.42703	-52.83206793880179	-79.2863794871127
61.0	61.42706	-23.583683223365387	-58.10370082440224
62.0	62.4271	-34.84456642936864	-74.37378382873099
63.0	63.42713	-50.07806240390685	-86.61218327381287
64.0	64.42716	-31.96506703629633	-72.56109290319718
65.0	65.42719	-38.886458799252914	-76.69094764333485
66.0	66.42721	-26.802836577303538	-77.26903014602715
67.0	67.42726	-31.314887992547426	-74.59948488653372
68.0	68.42731	-21.810759461842245	-72.85515541291258
69.0	69.42736	-16.650649310865127	-72.36959938160604
70.0	70.42742	-28.36717955913872	-78.20105710747588
71.0	71.42751	-25.40966653440322	-76.35914786005806
72.0	72.42758	-27.805180548976875	-81.3192617827605
73.0	73.42769	-22.54000162661823	-80.86529187480872
74.0	74.42782	-21.90828180632112	-81.06659864222885
75.0	75.42795	-18.17217916793083	-81.91678834599736
76.0	76.42809	-30.865127065461184	-89.05805707283277
77.0	77.42815	-29.681146558139048	-97.38075183922851
78.0	78.42821	-37.42800713873342	-97.89016243022829
79.0	79.42829	-28.79455283011997	-99.61306332362771
80.0	80.42836	-16.523820962680933	-94.4033993867071
81.0	81.42835	-5.52144165825544	-95.38543453440143
82.0	82.42819	0.8591565999071448	-93.74259200859622
83.0	83.42795	-13.787740605973191	-90.99550554666295
84.0	84.42764	-6.208610807263489	-91.5093000716048
85.0	85.42731	-6.755012563026773	-86.57382373024637
86.0	86.42703	-4.569973652224093	-92.29103898961047
87.0	87.42679	13.855389562476931	-83.17080446339243
88.0	88.42656	-6.96637550073028	-87.77370886421619
89.0	89.42637	-8.483984768987783	-79.98507657703712
90.0	90.42622	14.640016649659032	-77.10114273590602
91.0	91.42612	8.07727875304988	-76.84177250686463
92.0	92.42605	8.711544601027143	-79.02035448655529
93.0	93.42597	17.460011412127283	-70.01820916347681
94.0	94.42589	6.277981716413642	-79.34227675874308
95.0	95.42583	39.23635175303013	-66.54686456667572
96.0	96.4258	24.72756548730537	-64.80849277442773
97.0	97.42581	14.887136643379934	-62.212121279100614
98.0	98.4258	16.36994829374385	-59.852925727306754
99.0	99.4258	48.13128007879133	-58.44491321880755
100.0	100.42582	72.42957125230194	-55.310715075774645
101.0	101.42584	68.14716310543594	-55.92534172888863
102.0	102.42587	65.59150041210485	-54.080005945367404
103.0	103.4259	68.34471829366818	-53.03067547455397
104.0	104.42597	67.18515878964328	-53.09897559437351
105.0	105.42605	65.60869963101563	-53.03930072079486
106.0	106.42612	75.62882977080173	-52.89332123642766
107.0	107.42621	85.6921530473104	-53.489812953176525
108.0	108.42629	93.15344316995676	-53.29287397699948
109.0	109.42638	87.05683489350918	-53.464922444363985
110.0	110.42645	67.07445481385142	-53.499046097508305
111.0	111.42654	74.31349334604853	-54.30950849797763
112.0	112.42663	83.54968061250304	-52.20040706109827
113.0	113.42669	77.36967232098885	-57.059476856388414
114.0	114.42675	76.91088299173703	-56.79040967162102
115.0	115.42684	70.06655927573598	-56.069965552314024
116.0	116.42689	68.2374810885222	-56.844103341687834
117.0	117.42695	55.059267659088	-57.974440734965306
118.0	118.42702	63.2904402323707	-58.22850611411592
119.0	119.42706	61.43112999557533	-59.07598364589587
120.0	120.42709	52.31400223218958	-57.64897860420699
121.0	121.42713	34.09929020122465	-59.7314126359141
122.0	122.42714	33.11674363167875	-54.861207419317445
123.0	123.42716	35.624217137759835	-55.77829699398229
124.0	124.42719	32.343166911479386	-60.81500785964887
125.0	125.4272	44.18577273450021	-59.9033809525093
126.0	126.42722	31.396963064263637	-55.71383113394473
127.0	127.42727	18.66443221938131	-60.263820448159066
128.0	128.4273	33.441796880378924	-60.147910465455425
129.0	129.42734	26.11408440114033	-60.15043325828447
130.0	130.4274	27.99820109005586	-60.39775156563427
131.0	131.42746	30.978139002543895	-60.22549598219814
132.0	132.42755	14.038012739877491	-59.28023071792967
133.0	133.42767	27.721600051705284	-61.01038214153188
134.0	134.42781	29.583212811289094	-60.47364639702527
135.0	135.42797	12.9898365175318	-60.49922016173264
136.0	136.4281	36.582270203602654	-57.126301692727054
137.0	137.42815	28.663394638689077	-58.77746949661993
138.0	138.42818	11.041191097513016	-74.02183852984764
139.0	139.42822	22.091831806816487	-57.09411407047957
140.0	140.42826	12.930717129692782	-63.5112534300035
141.0	141.42829	22.301290971407678	-56.38543123196107
142.0	142.42818	5.619530527240864	-60.93957252595322
143.0	143.42797	8.040368073659048	-60.11388980192477
144.0	144.42768	1.6772743797465282	-59.88951609752044
145.0	145.42737	1.812847178384672	-60.053693964777324
146.0	146.42705	-8.86920294109327	-58.960488360755015
147.0	147.42677	-16.460744998857795	-59.55571136586964
148.0	148.42655	-7.4920107048465985	-61.191252609156116
149.0	149.42637	-14.773669858017945	-67.52930576143976
150.0	150.42625	-16.84879865860691	-60.28544506146007
151.0	151.42613	-27.497774007277027	-60.35517010685876
152.0	152.42602	-11.788578483923068	-59.84432346534921
153.0	153.42594	-9.149246621950882	-59.611180730535686
154.0	154.42589	-23.28936694292445	-59.27835640253344
155.0	155.42587	-25.35588404653323	-59.1017057396166
156.0	156.42585	-26.75069037828187	-59.65579847485895
157.0	157.42582	-25.800523466010926	-60.94864351992043
158.0	158.42583	-24.251172462497966	-59.920094673683096
159.0	159.42584	-29.661632595028568	-59.90922964801306
160.0	160.42587	-70.45323836295749	-54.42465231823147
161.0	161.42589	-80.18315670322333	-66.01905730867703
162.0	162.42593	-79.78530617597228	-59.452530431868304
163.0	163.42599	-66.64043501123055	-59.615746879173656
164.0	164.42604	-88.79112378244223	-59.554796928351436
165.0	165.42609	-76.0334786524037	-59.589632552082655
166.0	166.42616	-77.33274525255855	-59.75674263320783
167.0	167.42623	-80.82813245529856	-60.23428891157961
168.0	168.42629	-72.24659746924647	-61.56759433343278
169.0	169.42635	-89.47034652406518	-60.28489644128417
170.0	170.42643	-80.05605287022298	-59.85486804794117
171.0	171.42653	-76.0409314246931	-60.30001107760666
172.0	172.42658	-78.60102396630612	-59.01364957994741
173.0	173.42665	-81.06565885270759	-62.6898866064156
174.0	174.42674	-83.34101528610596	-63.6960941217954
175.0	175.42679	-65.24362547427887	-46.95370730826565
176.0	176.42685	-70.49525467737455	-53.72218505092279
177.0	177.42692	-71.06626429958597	-49.08763408714224
178.0	178.42696	-62.40828348201554	-45.82475934395737
179.0	179.427	-76.16032897178127	-46.56856566114946
180.0	180.42705	-34.73780860366793	-32.08654004062181
181.0	181.42706	-53.081132240352616	-23.99540644575041
182.0	182.42709	-34.7183953679082	-19.954161634238844
183.0	183.42713	-18.057989737153232	-17.004687765672966
184.0	184.42714	-37.29509427307199	-13.950110430475485
185.0	185.42717	-40.44321121131267	-24.14636740673053
186.0	186.4272	-38.45179849969479	-17.574060807961413
187.0	187.42722	-19.68616464216742	-13.853320463173745
188.0	188.42726	-30.368075371310674	-13.23026186357407
189.0	189.42732	-19.346123214668083	-12.08258697350128
190.0	190.42738	-14.143149824463656	-12.302813047021637
191.0	191.42745	-31.35099472904825	-8.352109729812433
192.0	192.42754	-32.53962520639811	-4.785217328957021
193.0	193.42765	-30.98858412954137	-11.964889759977153
194.0	194.42778	-24.978891505801872	-4.3937808586314215
195.0	195.42793	-27.30620449539171	-5.668451663271905
196.0	196.42811	-29.344941765522616	0.014214508596332623
197.0	197.42816	-28.26414125773099	4.219977297597438
198.0	198.42818	-32.845708424435344	10.045293942940862
199.0	199.42829	-29.53296464134344	15.24948949397099
200.0	200.42834	-19.794442818079723	18.77733674499117
201.0	201.42831	-9.947719604924556	22.503052750634094
202.0	202.42816	-10.38300414756826	25.778201152783097
203.0	203.42795	-3.6708119738161	29.73904932381754
204.0	204.42769	-10.730734087804763	20.73658415558519
205.0	205.42736	-2.9855605393709794	26.348825364263945
206.0	206.42705	1.5759988035319736	25.628176129313157
207.0	207.42679	-26.206606369369034	12.419102799543607
208.0	208.42657	7.671141975758431	28.76128759609083
209.0	209.42641	9.580272799136592	27.686160578812206
210.0	210.42627	11.179517339185328	26.508026179398637
211.0	211.42615	0.9843082176553112	24.936646726594372
212.0	212.42606	11.291274226923802	22.61732568131891
213.0	213.42597	3.3099493549556906	24.972883210262424
214.0	214.42593	14.640244260142877	23.56763771557598
215.0	215.4259	29.515354947269845	18.223109812687724
216.0	216.42586	23.903791013586297	27.542428834797207
217.0	217.42583	18.69748672166527	22.388360188872564
218.0	218.42581	18.339455071367574	25.700996253733134
219.0	219.42583	52.15889563951895	48.690490683784574
220.0	220.42587	73.88567490084428	71.565168644737
221.0	221.42589	77.16581435866745	73.4849432258017
222.0	222.42592	87.36220741263035	76.25119103824646
223.0	223.42598	81.81457874026299	65.13565990853601
224.0	224.42603	78.12086557888443	69.80636994258552
225.0	225.42609	74.5423822021394	69.01869439763888
226.0	226.42614	77.27766492300997	71.5789125981835
227.0	227.42622	72.08286044629304	66.49469353837377
228.0	228.4263	79.2496427124103	70.93144930184135
229.0	229.42638	82.62280916908637	71.50907033954357
230.0	230.42648	81.4882420280679	76.25150478818057
231.0	231.42659	94.62179307092184	89.33548336877311
232.0	232.42667	73.7788008831804	68.76530487435045
233.0	233.42675	84.59547190262072	77.6402355339424
234.0	234.42681	77.40408231853726	74.16184684722653
235.0	235.42687	77.47118007232383	72.7235014225215
236.0	236.42692	60.08296035766985	73.24366567316439
237.0	237.42698	72.21749385051444	77.31098388790461
238.0	238.42704	58.98613282471768	72.91373680084585
239.0	239.42709	57.57393009403428	74.13254533157138
240.0	240.42713	51.48155159733677	74.32122279000077
241.0	241.42716	39.099484456719466	74.60270610899128
242.0	242.42719	31.459831731823645	74.78927200751772
243.0	243.42722	35.86317132533525	74.8784324983065
244.0	244.42725	46.0098565875915	87.48036844558959
245.0	245.42726	27.96604565653249	73.6146411324875
246.0	246.42728	40.485274560251746	86.67686223374002
247.0	247.42731	14.849278770771361	61.82663588836823
248.0	248.42736	21.016213446584125	71.149701792327
249.0	249.4274	46.07452050989764	93.5936268723466
250.0	250.42746	24.84754936693344	75.11399696435747
251.0	251.42754	12.720131399262208	75.47000756972366
252.0	252.42762	18.422747175726542	77.28771055177
253.0	253.42771	23.64516031757045	76.89231722212666
254.0	254.42785	23.275295059998285	83.70554511015297
255.0	255.42797	8.671513578192787	72.4257531329575
256.0	256.42811	40.54122859486316	103.35710332640406
257.0	257.42817	28.395191176691043	96.754155782578
258.0	258.42822	19.206107742248165	97.25363944577832
259.0	259.42831	39.359517800105856	99.2515134476899
260.0	260.42838	20.250924473920772	99.86835175376189
261.0	261.42836	-0.9840047364890553	94.68038877722535
262.0	262.42822	13.796721952454936	95.1485629499412
263.0	263.42796	4.0173092689370105	91.4942130605877
264.0	264.42765	2.950016033842992	87.90231427945432
265.0	265.42731	-0.2291002008415717	86.75177472133856
266.0	266.42703	-22.84452067965736	84.21625739574712
267.0	267.4268	11.854086310610104	80.66434124402241
268.0	268.42659	-12.344834222530068	82.67932799068147
269.0	269.4264	-12.28892046731006	77.65542149653743
270.0	270.42625	-2.0817250027460195	76.25026470333194
271.0	271.42615	-23.391137318564493	72.09586920793198
272.0	272.42609	-10.342749053653593	71.0722557425887
273.0	273.42602	-22.639517307705294	70.54118230856295
274.0	274.42595	-15.043141313918717	67.67545784775947
275.0	275.42589	-15.782870803411056	72.98125382216023
276.0	276.42586	-49.99404875434459	63.141649892044846
277.0	277.42588	-26.75623653917528	61.416831902298235
278.0	278.42589	-20.590242578587958	60.48750657693895
279.0	279.42589	-27.890903354609428	57.857349148513315
280.0	280.42591	-73.00147608233213	55.757084677980544
281.0	281.42594	-80.14957072268864	50.432748294290235
282.0	282.42598	-79.9499046674007	52.651471393134905
283.0	283.42601	-88.53511673820506	52.30846937450783
284.0	284.42606	-78.19530774815274	52.386386014919175
285.0	285.42614	-69.88886167095497	52.74694062991277
286.0	286.4262	-73.4642310153348	53.24714095336335
287.0	287.42626	-78.9303348588942	52.72722569109548
288.0	288.42634	-76.6018582856173	52.86522280853676
289.0	289.42641	-74.99859883467437	52.82290649351535
290.0	290.42649	-90.18625887891393	52.84684639154627
291.0	291.42655	-77.84132362576258	52.896201216696426
292.0	292.42662	-76.73253821344	54.78337946480588
293.0	293.42669	-69.81244930845573	63.3309587222136
294.0	294.42674	-74.99976609899895	59.01603179303484
295.0	295.42681	-76.2729242824162	54.59828590775218
296.0	296.42688	-60.507130210032344	67.41007816167928
297.0	297.42693	-68.07542305138854	60.89281988971995
298.0	298.42699	-64.53270565770842	57.050054798420106
299.0	299.42704	-62.96664842626669	58.803060136017116
300.0	300.42707	-48.9040203221018	58.55937265874065
301.0	301.4271	-35.57388717637688	58.89645451691594
302.0	302.42713	-35.389793988799	55.84535363707758
303.0	303.42714	-40.56186584490956	60.70615317856365
304.0	304.42716	-26.928740666126025	64.29880918883254
305.0	305.42718	-28.89719362822397	61.9319305034104
306.0	306.4272	-28.101979038076024	60.38023048845254
307.0	307.42725	-45.01383581987544	45.814823382543715
308.0	308.4273	-19.134510105128292	71.04998866991446
309.0	309.42734	-31.89684403414816	60.80395300587898
310.0	310.42741	-18.16139574936946	57.61428725620339
311.0	311.42748	-31.342075408781252	57.69531067142215
312.0	312.42757	-24.984942957429073	57.48513521850859
313.0	313.42768	-29.3931699683894	61.00042618843405
314.0	314.42781	-19.2847004793966	59.707813324243276
315.0	315.42799	-21.340921452291543	60.021920751189406
316.0	316.42815	-23.174590052240113	69.14816644758541
317.0	317.42818	-42.00731919363046	55.61396074306918
318.0	318.42823	-29.857448529053116	59.85432183425227
319.0	319.42829	-7.9456185961441275	68.87032021572847
320.0	320.42833	-27.83772519030733	63.33221694397401
321.0	321.42832	-9.832138671731936	60.8469515226716
322.0	322.42818	-12.364490578185066	55.60798574060919
323.0	323.42799	-9.049627282813901	59.65492027612011
324.0	324.42769	-8.858499429455309	62.854881563778655
325.0	325.42737	2.509361605951284	59.638102402476186
326.0	326.42706	11.971924101489964	59.04614461991148
327.0	327.42678	-7.435712896889381	58.151374936760554
328.0	328.42658	2.9563154297103287	59.75639132334804
329.0	329.4264	4.697219742918506	58.72000541371642
330.0	330.42626	11.159727456800645	64.02497866288076
331.0	331.42615	13.108782265197405	55.79620757334614
332.0	332.42605	2.461215978014092	55.20665002486731
333.0	333.42597	9.000107500487145	50.890685107597925
334.0	334.42591	20.88575990468577	61.93558241781103
335.0	335.42586	22.592318328720534	58.900749920210906
336.0	336.42583	15.889093609444986	58.4177455609168
337.0	337.4258	38.44585872124704	58.761734403271625
338.0	338.42582	18.541943111565704	58.81632745832187
339.0	339.42584	48.85233727291773	56.80102679168236
340.0	340.42586	69.14804457004418	61.42350340557456
341.0	341.42587	64.72300134176727	50.66087101351363
342.0	342.42591	68.55588914924002	53.027759085916564
343.0	343.42596	81.87823909929239	64.81604875229239
344.0	344.42602	84.64098933722231	58.838204855603664
345.0	345.42607	74.12607471896939	56.27108978630393
346.0	346.42616	71.73389199118918	54.58530224666423
347.0	347.42624	74.59332621588187	59.848867612039946
348.0	348.42632	98.40111063885443	58.722389075202415
349.0	349.42641	85.27863207766538	59.01071458120142
350.0	350.42649	79.78493873426768	57.550541814678674
351.0	351.42658	77.36312474111756	59.98419267656781
352.0	352.42665	75.55820408393302	56.73773036298476
353.0	353.42671	78.14949174081897	60.807797553656336
354.0	354.42679	71.10930823587739	58.357340462792095
355.0	355.42684	73.93632023778139	61.682771694061934
356.0	356.4269	70.16264152932915	52.943075344847315
357.0	357.42697	61.63870135871087	48.33956829668366
358.0	358.42701	60.1096240277719	46.19204127740378
359.0	359.42706	67.46398072243541	44.4417175674393
360.0	360.4271	34.80749948662965	32.01662494102111
