Version	KoJaC2_v7r2	 ACFG	 INTERNAL 
Modfile	016cccc.mod
comment	VShape GPPC ZUM

Analysis name	.a016cccc_t2600a040d
Applied torque	2600.0
Rpm	200.0
Articulation angle	4.0




Powerflow 	Drive
JointType 	AAR_joint

Angle_Rot_Spider.LastRot	Angle_Rot_Tulip.LastRot	Force_Roller_Tulip_Total_JointRef.z	Force_Roller1_TulipTrack_tot.z	
0.0	0.42044	33.25685264208922	18.097477835117733
1.0	1.42047	32.64047424384764	17.37864969222592
2.0	2.4205	21.967155693412145	6.2296291024984045
3.0	3.42054	18.26969815590031	1.4481340764887047
4.0	4.42056	19.22420801155826	-0.9229184598558127
5.0	5.42056	27.03877667168494	1.9124110271117634
6.0	6.42056	18.422982502358263	-6.3508853728551795
7.0	7.42056	20.89444363617012	-5.3791442942762755
8.0	8.42058	19.431521511460257	-6.670091745000318
9.0	9.4206	17.4254696802066	-8.573539335743769
10.0	10.42063	23.440111647118783	-3.1784472725026642
11.0	11.42068	19.010965514031994	-8.393452986004498
12.0	12.42073	16.175331158491005	-11.787091673719683
13.0	13.42078	7.956775347857259	-20.749468578304906
14.0	14.42082	19.5932767829387	-9.836404606250465
15.0	15.42086	21.215659793188323	-8.056669050434522
16.0	16.42092	27.18111320416186	-3.464569028600288
17.0	17.42099	11.281168692153582	-19.407934667264016
18.0	18.42104	9.661303674924879	-20.42556467695715
19.0	19.42107	9.728288123928177	-21.85231951867533
20.0	20.42107	6.1050945934539556	-25.20795094550404
21.0	21.42107	1.9259098920789903	-29.543106474308587
22.0	22.42106	-0.31019451465785164	-31.399826956172515
23.0	23.42105	-4.93287973586591	-34.0205568176374
24.0	24.42104	-1.7059916255549437	-29.88522872817965
25.0	25.421	-11.405673986202132	-34.42157193656199
26.0	26.42094	-9.212665191150903	-35.57202794386383
27.0	27.42089	-4.118133700851331	-29.509701659560246
28.0	28.42084	-19.31114427474787	-43.93513419326173
29.0	29.42075	-7.851991763713912	-32.937226334700334
30.0	30.42065	-12.21883053592592	-34.146919300888094
31.0	31.42054	-15.049602640285286	-35.14188395595555
32.0	32.42044	-9.701207293988885	-36.12866903244525
33.0	33.42033	-7.022218187172911	-32.20081950012084
34.0	34.42021	-22.478139073081955	-39.04435841338185
35.0	35.42012	-20.746125325867652	-42.82044209872386
36.0	36.42005	-19.73360162242434	-39.240442618624336
37.0	37.42003	-21.61386539540576	-39.35153046751334
38.0	38.42003	-33.89292376882698	-42.13144639661334
39.0	39.42003	-40.16264229179896	-61.97107975185508
40.0	40.42003	-63.63645903811293	-81.11105467421618
41.0	41.42002	-55.343110255935485	-80.80815343195441
42.0	42.42001	-60.25123976313673	-79.31930946021563
43.0	43.42001	-67.40830397159662	-79.62483083903031
44.0	44.42001	-69.5907798286069	-82.00237537408327
45.0	45.42001	-69.96197967165973	-81.50855504878393
46.0	46.42003	-62.97310707176032	-74.0030633134585
47.0	47.42005	-74.66283956225057	-86.79201168046357
48.0	48.42009	-76.92477242725242	-80.27429584369764
49.0	49.42013	-67.95172052528969	-79.00147819713276
50.0	50.42016	-71.19401523613158	-79.0523534996673
51.0	51.42019	-63.34909131515802	-78.62703293639375
52.0	52.42023	-71.55386015802742	-78.9209912788055
53.0	53.42028	-72.46473684389828	-86.84534276780106
54.0	54.42033	-62.56979700016022	-79.48066804345464
55.0	55.42038	-54.39658012931111	-73.84240755161032
56.0	56.42042	-61.254713263865604	-76.60161950837443
57.0	57.42043	-49.77183067101764	-77.67600867926176
58.0	58.42046	-58.68290501762128	-79.56666616649008
59.0	59.4205	-51.72956920940861	-79.64523840455101
60.0	60.42055	-34.34748997638694	-77.23830834886937
61.0	61.42059	-34.46473029754415	-82.23826050555665
62.0	62.42061	-36.011847896090586	-87.57044940748109
63.0	63.42063	-30.38483383252629	-84.98981464326218
64.0	64.42064	-20.075588610532396	-83.13576810368245
65.0	65.42064	-30.69610346284994	-87.58780531304691
66.0	66.42065	-27.110871355517588	-88.41234917309646
67.0	67.42066	-22.954712647189254	-88.5584058221499
68.0	68.42066	-19.794613737127225	-88.3750629429891
69.0	69.42066	-21.543599994319692	-87.64596947558513
70.0	70.42068	-21.6760840758173	-88.52649057810535
71.0	71.42072	-20.315227877222714	-87.80427297799942
72.0	72.42076	-20.815084560718073	-89.07697867671294
73.0	73.4208	-20.52543082980598	-89.28622915071466
74.0	74.42082	-19.772490005482428	-90.03642765094214
75.0	75.42085	-13.436680609488741	-90.52384575664904
76.0	76.42087	-24.91867142423753	-91.28384628190597
77.0	77.42091	-18.339722979024998	-91.16698895659894
78.0	78.42093	-22.856577393229415	-91.16693074896496
79.0	79.42094	-18.010563882881154	-92.30830533261891
80.0	80.42096	-8.680826050448028	-91.11644129053956
81.0	81.42097	-7.588269185537338	-90.77647400841708
82.0	82.42098	-9.16627823284292	-91.19788237012135
83.0	83.42098	-8.509484779298448	-90.69661005433272
84.0	84.42096	-9.428334663596914	-90.86048826512068
85.0	85.42093	-5.5553684636275165	-91.34540440597829
86.0	86.42091	-5.719257236441649	-88.89453399180046
87.0	87.42088	-2.206969744120251	-86.34546602052518
88.0	88.42084	10.28427547041159	-87.33954668651529
89.0	89.42077	12.284404467757746	-86.17058556552946
90.0	90.42068	15.966803733959297	-85.43509954257483
91.0	91.42056	9.159835314720912	-85.06190504236481
92.0	92.42046	16.14512681109188	-85.21720870575182
93.0	93.42033	9.227779215747235	-86.49851756781167
94.0	94.4202	12.51442383846169	-83.0373187920268
95.0	95.4201	10.454162554326404	-89.01298113251526
96.0	96.42004	26.327002979970846	-74.26258384727898
97.0	97.42003	34.827959581177865	-79.8869949733039
98.0	98.42002	16.59924944041002	-76.7825992452829
99.0	99.42002	69.92017595769497	-73.76971467261303
100.0	100.42001	67.19495151854265	-76.82783721781475
101.0	101.42001	63.36030679490489	-75.89561264889883
102.0	102.42003	64.83722291265006	-74.35118549753591
103.0	103.42006	63.276662927539356	-73.80259172044798
104.0	104.42008	65.32278776933025	-72.72419249971978
105.0	105.42008	65.3856579260697	-72.51942737149767
106.0	106.42008	65.62391627729805	-72.8073094648269
107.0	107.42008	61.17101742818263	-70.91974073299313
108.0	108.42008	66.48787109517657	-70.9692229314901
109.0	109.42009	72.13599088494625	-69.86860759708627
110.0	110.4201	67.47742656873896	-69.4168961883379
111.0	111.42012	67.43590673824698	-68.18359831295163
112.0	112.42015	63.6600987910446	-67.99240104935122
113.0	113.42018	58.02311021451296	-67.7228116695301
114.0	114.42021	65.44038178335664	-67.25975361794374
115.0	115.42024	62.7856686923267	-72.75120797031977
116.0	116.42028	77.02902426774668	-66.02647508238215
117.0	117.42033	54.13219019771634	-65.34084890392928
118.0	118.42038	67.41896211245793	-64.9534688545611
119.0	119.42043	54.116621528223526	-64.82081688533495
120.0	120.42046	32.58409685220731	-63.827665903716344
121.0	121.4205	27.955709956812345	-64.06445127585582
122.0	122.42053	26.42225151330028	-63.905420975041096
123.0	123.42058	31.540772787536227	-62.9046441189262
124.0	124.42063	22.47333551655379	-62.59697292820687
125.0	125.42065	20.822161812551165	-62.18183825930554
126.0	126.42064	32.39065702851485	-61.856867774412216
127.0	127.42063	29.43823697504227	-61.650387637049555
128.0	128.42063	20.674600719765	-61.34037669041713
129.0	129.42064	19.707771739903908	-61.138802165325366
130.0	130.42066	16.11527960672792	-60.76822587589445
131.0	131.42069	19.895756193924775	-60.294053061304425
132.0	132.42073	18.010660063195175	-59.96032524918884
133.0	133.42079	18.021237110579595	-59.56158447688095
134.0	134.42084	28.263581067244633	-59.483651026899565
135.0	135.42089	22.01749408968859	-59.47384234027586
136.0	136.42094	13.765218670266513	-59.41576341422573
137.0	137.42099	16.605286774296104	-59.14281914467774
138.0	138.42104	15.129057906205183	-58.80643310282052
139.0	139.42109	20.515440641849427	-58.4829808298118
140.0	140.42112	-0.4556667927761211	-58.4013766773468
141.0	141.42112	15.064820056671465	-58.692626924464534
142.0	142.4211	8.343461247738922	-57.317455207844716
143.0	143.42108	1.020586389976078	-60.735988046190684
144.0	144.42107	-11.243852255351173	-71.7563614017922
145.0	145.42105	3.610938714070113	-55.57757177531335
146.0	146.421	-10.151136058253755	-58.60553374062424
147.0	147.42094	-9.421800704900972	-61.77102768239279
148.0	148.42088	1.2491000449950391	-63.51770236857996
149.0	149.4208	3.7243309607066744	-62.133213999142576
150.0	150.42071	-16.94483515178875	-61.89878255613541
151.0	151.42061	-12.823984388337694	-62.16303273884779
152.0	152.42048	-13.214264582526594	-61.947392797696544
153.0	153.42035	-11.809908662390006	-61.73112522017852
154.0	154.42024	-12.91063819262528	-55.01260306569936
155.0	155.42015	-22.54962957357215	-62.03626846618899
156.0	156.42009	-25.771223339335954	-63.833682323708274
157.0	157.42005	-27.318873700671663	-62.41061232592139
158.0	158.42004	-18.40888950405148	-53.067602300740596
159.0	159.42004	-46.70998005813838	-60.491830859020105
160.0	160.42005	-62.94393989339869	-59.868807389739416
161.0	161.42006	-67.49064484263191	-59.64246308645407
162.0	162.42006	-69.52761905587117	-60.5759857798594
163.0	163.42006	-74.78756972668732	-68.45768907770221
164.0	164.42006	-78.88245710658825	-72.00907278950228
165.0	165.42006	-74.47335100756361	-67.13451283202046
166.0	166.42008	-69.19038053119337	-61.26851367545941
167.0	167.42009	-79.15000302759789	-62.12045600541993
168.0	168.42011	-59.26057218504867	-59.65807284396203
169.0	169.42014	-66.08988279916623	-59.071799593907066
170.0	170.42017	-81.33477216656486	-57.922426283676124
171.0	171.4202	-71.12191568695344	-56.535194709932156
172.0	172.42023	-51.30354709186311	-54.43482643773634
173.0	173.42026	-61.843998799077184	-52.933678538697094
174.0	174.4203	-83.06082234283535	-50.35847784159443
175.0	175.42035	-62.81827778278976	-45.13643159334252
176.0	176.4204	-49.70339482445028	-44.12770888903694
177.0	177.42043	-49.68613555335345	-42.20794187945681
178.0	178.42045	-56.42796079322736	-39.15789576659018
179.0	179.42047	-55.452567322285915	-39.77086576810303
180.0	180.42051	-34.30965599660613	-17.43196056570482
181.0	181.42055	-34.22478737313689	-16.738409094367086
182.0	182.4206	-37.57474666094826	-20.453653958660922
183.0	183.42063	-25.277125458503974	-7.2180924988939585
184.0	184.42065	-28.676877999661095	-4.334343310365315
185.0	185.42065	-27.801976384877786	-1.8680964080376163
186.0	186.42065	-20.792594032248786	6.252820324119019
187.0	187.42067	-29.076715320711862	-0.7514626461684852
188.0	188.42069	-29.949965370112444	-1.7547479036727647
189.0	189.42071	-24.534663711722075	3.8967955986990455
190.0	190.42073	-33.762916401423944	-5.050465450298697
191.0	191.42076	-29.52516811471785	0.8416198089927578
192.0	192.42079	-26.142672839576583	3.789930253422378
193.0	193.42083	-17.366220225329023	12.52320793766452
194.0	194.42086	-19.582015830439353	11.3495489965944
195.0	195.42089	-14.06224516718035	17.728207111964085
196.0	196.42093	-27.191194568643414	5.5155019700242205
197.0	197.42097	-18.655246924106493	14.56191863045095
198.0	198.42101	-8.921955071104703	24.645372625081958
199.0	199.42104	0.8616829745193828	34.16592998605944
200.0	200.42105	-7.541903181538913	26.043275227113142
201.0	201.42107	2.216980122129129	34.91800794279705
202.0	202.42109	-9.183167956112712	23.922609634214115
203.0	203.4211	-5.234243807233186	25.422934553691423
204.0	204.42109	3.9233748043457695	28.087752615925574
205.0	205.42106	0.13716358171170384	29.296018770923133
206.0	206.42102	1.4620113262459	29.225827195197613
207.0	207.42097	2.3325484028756014	30.96910982847882
208.0	208.42091	11.9638612451633	37.30937709603068
209.0	209.42083	0.4776021654767107	28.051170635455094
210.0	210.42074	8.627873163020748	33.418512731900606
211.0	211.42063	19.704524950369624	40.18161903856016
212.0	212.42055	6.346241605583559	26.832656293768412
213.0	213.42045	3.4320959631118475	29.76221942015744
214.0	214.42034	18.193017652975612	44.30843924574103
215.0	215.42024	19.132449107661024	39.329425943769515
216.0	216.42016	20.054399699256596	40.38738827637315
217.0	217.42011	15.901835089348879	41.318457009782634
218.0	218.42008	18.25736381590086	40.86546002225476
219.0	219.42006	66.32898234660392	81.73175375836705
220.0	220.42004	68.2223958444037	80.77200222390655
221.0	221.42004	71.38884701544184	80.7060582931961
222.0	222.42006	57.840133529896086	78.52272788708267
223.0	223.42009	60.41636839490741	77.90560346352149
224.0	224.42012	64.91262828151729	78.43793310943092
225.0	225.42013	64.11846798128465	73.64233890063635
226.0	226.42014	73.27985458965773	85.7127450281141
227.0	227.42016	64.06221001160148	84.64684851671883
228.0	228.4202	65.87462948275079	78.96778213706179
229.0	229.42023	65.33801989718327	78.47939368235012
230.0	230.42027	59.8712188824682	78.60558739195066
231.0	231.42029	70.39347693825174	78.62751026452779
232.0	232.42032	70.60808986250176	78.62840831430607
233.0	233.42034	66.02683380039659	78.65856189670781
234.0	234.42038	60.72074185907307	78.64523227972013
235.0	235.42043	54.925071992344904	75.95147224019337
236.0	236.42047	49.221456463114826	74.87996131398228
237.0	237.42049	58.33174616722212	82.36108942652892
238.0	238.42052	41.97305308280811	66.8458869570023
239.0	239.42054	67.16202263022899	94.03268892780748
240.0	240.42058	41.40341936325745	85.87343637558422
241.0	241.42061	33.40484532246694	83.15957249547616
242.0	242.42065	26.951348928445157	80.11579013788173
243.0	243.42068	16.191124386987365	72.41236258692321
244.0	244.42071	33.9594565934018	92.78623618323651
245.0	245.42071	21.669518317424576	86.83663876473956
246.0	246.42072	27.856226799926553	87.60795176420592
247.0	247.42074	27.44964068233547	88.00403228135406
248.0	248.42075	21.175814541504664	88.25403094107072
249.0	249.42077	22.970801594695484	87.83702234010478
250.0	250.42079	19.706704057728356	88.30191899179847
251.0	251.42082	18.73459633432871	87.83931756277731
252.0	252.42087	17.50544063914736	88.35079715859665
253.0	253.42093	17.970654132198106	88.90452964666447
254.0	254.42098	27.928210708467525	90.13919090758012
255.0	255.42102	13.397871265933132	90.05498625860048
256.0	256.42106	22.45707970931563	90.84631796985698
257.0	257.42111	7.535706444141639	90.78319075464773
258.0	258.42115	16.03211745971435	90.71857719563451
259.0	259.42119	16.16442943833466	90.76576952620336
260.0	260.4212	10.659725066981302	90.58415434681022
261.0	261.42118	10.537382033861974	90.77720582038246
262.0	262.42115	3.073007068440802	90.25937333162408
263.0	263.42113	1.515226298085124	88.1871263216154
264.0	264.4211	-5.919531546231204	89.72687824018627
265.0	265.42107	0.7949496129299336	90.20020488101656
266.0	266.42103	-10.24125958354532	88.22062337846067
267.0	267.421	-4.206276984394231	88.05559435352168
268.0	268.42096	-0.49216537982821507	87.57196601580729
269.0	269.42089	-17.03609427918725	86.02036196815163
270.0	270.42081	-17.558223746185824	81.94109112633203
271.0	271.4207	-7.945942977268828	84.02676636399467
272.0	272.42057	-16.30452308695723	83.19290466642255
273.0	273.42043	-17.49005830347558	82.3295826170572
274.0	274.42028	-19.755717024152307	81.66825164465409
275.0	275.42018	-30.37997613552062	72.26830135883756
276.0	276.42011	-24.236632928468257	79.49643424694176
277.0	277.42009	-21.723714391626935	80.76640985346442
278.0	278.42009	-20.322200913071544	77.96061126409847
279.0	279.4201	-49.056751438331816	77.96390170654847
280.0	280.42011	-62.84916476089252	75.68377099594889
281.0	281.42011	-71.19677876301542	74.80340486435088
282.0	282.4201	-65.35279587191073	74.74167563416457
283.0	283.4201	-67.98670629114687	72.96764659893871
284.0	284.42012	-68.54857968071032	71.8889326745347
285.0	285.42014	-70.28190151124141	70.05391121287664
286.0	286.42015	-69.42411994084331	71.86787621759375
287.0	287.42015	-72.66055247027847	70.83220392521412
288.0	288.42016	-71.6101385294609	70.02710979679306
289.0	289.42017	-60.080868857544395	69.53543370858827
290.0	290.42019	-64.78679545959923	68.90848129429189
291.0	291.42022	-74.51814509316178	67.59025647867836
292.0	292.42024	-63.57203195467055	67.7878906683513
293.0	293.42028	-64.30418078706971	66.99036090116786
294.0	294.42032	-67.01534748022412	66.62368152456847
295.0	295.42036	-66.69187723540148	66.32248221054058
296.0	296.42039	-58.29551385610587	66.01131717456745
297.0	297.42041	-70.10663716353054	64.40667086504862
298.0	298.42044	-57.94938797910208	64.5458988559439
299.0	299.42048	-46.94499842523971	63.8405110203653
300.0	300.42052	-44.61456222082299	62.9335620901107
301.0	301.42057	-30.69904213187499	63.52772835991853
302.0	302.42059	-23.112311347842294	63.05905366794688
303.0	303.42063	-35.12776538331828	62.63946531085502
304.0	304.42067	-15.041545417657844	62.18193480099393
305.0	305.42069	-28.411613467854323	61.832976506063765
306.0	306.4207	-27.186555725473134	61.519366321483645
307.0	307.4207	-22.795471475786783	61.061305496040404
308.0	308.4207	-28.958629753552582	60.74459507655106
309.0	309.4207	-16.791221384106645	60.397920901038574
310.0	310.42071	-22.14071888403131	60.137031176952526
311.0	311.42073	-19.904564096772006	60.091448469057966
312.0	312.42076	-25.49103246596765	59.902359608742664
313.0	313.4208	-26.48361642216657	59.49918519041378
314.0	314.42085	-21.938089577624535	59.06607937059003
315.0	315.42091	-25.17698110194075	58.66989033991685
316.0	316.42097	-17.618920793383833	58.55858903438093
317.0	317.42101	-9.892748909258865	58.566501811439664
318.0	318.42105	-17.053636837653094	58.51422595519803
319.0	319.42107	-11.635660860922311	58.25353578897726
320.0	320.4211	-10.344150746829408	58.056190738026785
321.0	321.42112	-8.271665245289753	57.81716872583725
322.0	322.42114	-3.8390971659822877	60.746584957556514
323.0	323.42114	-2.8175583155559205	59.7932178393572
324.0	324.42112	3.9324874322043146	65.04519580291415
325.0	325.42109	-2.1521062518326564	58.705947009196876
326.0	326.42106	-4.001621434807487	60.09036192930123
327.0	327.421	9.2069592157851	61.55007603912102
328.0	328.42093	-5.525200938259125	60.984234036684995
329.0	329.42086	2.175376333240233	61.23298384293684
330.0	330.42078	8.161422370322356	61.37147010113315
331.0	331.42069	10.908683400811523	60.99329724584082
332.0	332.42058	18.609676599177998	65.5994369657198
333.0	333.42046	18.83981709524804	67.08115071869574
334.0	334.42032	12.156452771227467	55.794362895493954
335.0	335.42021	27.420084221244018	68.57742241796521
336.0	336.42015	23.029811683716154	63.519237628740605
337.0	337.4201	27.329472093174243	66.02098937640616
338.0	338.42009	28.53788749055073	61.40749864774111
339.0	339.42008	60.72432172107846	57.931831986230684
340.0	340.42009	60.756052911107616	57.926476894295156
341.0	341.42011	61.470215423388055	62.288267428551656
342.0	342.42013	63.820528842435785	59.60617597809804
343.0	343.42014	62.10199957626302	57.28978081027478
344.0	344.42015	66.43439575675312	61.065703669753596
345.0	345.42015	58.64565893842736	59.86592016404953
346.0	346.42017	68.16054889145813	60.534871814191376
347.0	347.42019	60.54126055240715	53.412564399538574
348.0	348.42022	61.45953352289603	53.424113600285914
349.0	349.42024	59.360501903212814	50.951884572487295
350.0	350.42026	69.81931119898019	59.287688656884804
351.0	351.42028	68.52237497413809	55.989067475568824
352.0	352.42031	79.16220968968949	53.94611511011402
353.0	353.42034	63.59151223286419	51.7231801024614
354.0	354.42037	66.97651127999396	49.165378059467606
355.0	355.42039	72.24282548258881	46.316015403779026
356.0	356.42043	53.699597978732214	43.492335592768484
357.0	357.42046	46.3600654703564	41.54933703850048
358.0	358.42049	54.55814722199015	40.008888797677436
359.0	359.42052	45.444648999322105	31.96145728110182
360.0	360.42055	37.327005673012984	21.93483083055283
