Version	KoJaC2_v7r2	 ACFG	 INTERNAL 
Modfile	016cccc.mod
comment	VShape GPPC ZUM

Analysis name	.a016cccc_t2600a120d
Applied torque	2600.0
Rpm	200.0
Articulation angle	12.0




Powerflow 	Drive
JointType 	AAR_joint

Angle_Rot_Spider.LastRot	Angle_Rot_Tulip.LastRot	Force_Roller_Tulip_Total_JointRef.z	Force_Roller1_TulipTrack_tot.z	
0.0	0.43816	76.93376918417805	52.479155635235806
1.0	1.4382	81.95003306307987	51.1755614443572
2.0	2.43829	85.15670166505916	51.32341021954153
3.0	3.43842	78.17605115973116	49.406741169542286
4.0	4.43856	79.12522600164934	48.78145744201574
5.0	5.43866	77.00263157721865	47.19524192187275
6.0	6.43873	81.35030798773643	47.859098715199096
7.0	7.43888	96.35583509118834	47.278785469575254
8.0	8.43908	74.4098797133268	43.55869197658041
9.0	9.43932	79.10442300904975	38.349224003195594
10.0	10.43954	69.8808638851801	32.430325827290474
11.0	11.43979	51.94262736094193	12.344670241231245
12.0	12.44001	56.42746171921142	14.300370801240984
13.0	13.44018	45.205753067447006	1.762353323200837
14.0	14.44037	38.33348551930188	-8.44986548919044
15.0	15.44056	47.44221788414905	-15.10319005429967
16.0	16.44076	13.346858601963959	-22.3544464579856
17.0	17.44094	18.02857853820522	-29.319437585490384
18.0	18.44102	24.333203442600567	-37.86743115133586
19.0	19.44097	35.224504441258006	-40.59195856999178
20.0	20.44086	31.01829821629828	-35.44830982088946
21.0	21.44062	16.497735725292493	-37.69704302377128
22.0	22.44025	10.687657283500684	-34.06783029999357
23.0	23.4398	3.8759949725293836	-36.16254791997002
24.0	24.43934	3.633395370436759	-37.22083714814269
25.0	25.43892	-13.573081592900282	-35.54692673022961
26.0	26.43858	5.335254926249262	-36.2110143570879
27.0	27.43829	3.7066831052994895	-32.55020118256699
28.0	28.43806	4.09199874099579	-34.99184316366227
29.0	29.43783	-21.09420630689236	-35.51366358574362
30.0	30.43766	-30.23637229428129	-55.84135138888266
31.0	31.43754	-17.413419822051974	-42.222890403650716
32.0	32.43742	-32.145004018363444	-36.53341732824479
33.0	33.43732	-34.983988657289544	-36.80001724459742
34.0	34.43726	-40.068364678617826	-38.811154501121095
35.0	35.43723	-38.07033286159912	-29.721249373220576
36.0	36.43719	-55.927433879429564	-41.667792651245946
37.0	37.43718	-47.408265540132135	-29.36361041616546
38.0	38.43721	-56.5119637260088	-40.75866054863548
39.0	39.43722	-54.82630164003624	-41.15405289252757
40.0	40.43727	-75.71065892703297	-57.002746612678905
41.0	41.43732	-95.73920706977903	-84.68381429264166
42.0	42.43736	-90.33867915915106	-85.67877983392701
43.0	43.43743	-107.71521940042379	-87.2946015221062
44.0	44.43748	-105.29864639040278	-88.628666408946
45.0	45.43754	-109.96731362273113	-87.37318425428585
46.0	46.43761	-113.37489810657611	-88.36515708333323
47.0	47.43765	-105.13581276226799	-90.10227679330096
48.0	48.4377	-90.77570145949107	-75.58471179573827
49.0	49.43774	-110.56092051951185	-96.22877565920437
50.0	50.43779	-116.61879903055357	-94.49511674970533
51.0	51.43784	-105.17995507210027	-90.97931491399514
52.0	52.43788	-102.51880716684276	-90.86426315075506
53.0	53.43793	-110.9035172612848	-92.74483130732584
54.0	54.43798	-97.37293453341778	-92.8300698353012
55.0	55.43803	-111.7691012101224	-90.79768055662396
56.0	56.43807	-110.60322299700235	-91.72769384476666
57.0	57.43813	-101.77540363949811	-95.17263767660513
58.0	58.43818	-89.36402296467297	-85.84121676965545
59.0	59.43821	-108.28986757364771	-104.63385056910772
60.0	60.43825	-88.75203647533482	-101.19326965540439
61.0	61.43831	-85.65993477541475	-97.21313260097136
62.0	62.43841	-83.09774548185722	-93.72427659086755
63.0	63.43854	-76.69329023495153	-95.52722271059311
64.0	64.43869	-94.62459543326845	-99.45155563906918
65.0	65.43887	-80.435378859707	-90.74631359528163
66.0	66.43899	-79.24574800752666	-99.36859179467726
67.0	67.43915	-87.85708335792036	-99.89163458889239
68.0	68.43937	-75.56426390557193	-100.38199844954273
69.0	69.4396	-73.76101371482454	-101.96733188716517
70.0	70.43982	-82.99069820212601	-115.12816711157227
71.0	71.44004	-58.7300510807708	-104.41416061520131
72.0	72.44022	-68.51010431408504	-112.9619981531941
73.0	73.44039	-43.257564877227985	-105.54492201132743
74.0	74.44059	-49.45253409713383	-110.19723921368738
75.0	75.44078	-19.296293150366008	-110.40641786479597
76.0	76.44097	-22.099674899254254	-112.3864318774417
77.0	77.44113	-8.363891304235494	-112.24120051863736
78.0	78.44119	-31.34029021402024	-133.6299051628582
79.0	79.4411	-34.4275180107677	-138.12800204765813
80.0	80.441	-25.827696609565375	-130.41706273295299
81.0	81.44077	-17.35986513146361	-124.80911637673448
82.0	82.44038	-10.938611739204958	-113.58134131750428
83.0	83.43991	4.069698986334779	-104.98690342668078
84.0	84.43941	-2.205565466330455	-102.33182570785972
85.0	85.439	-4.362291798179165	-104.12158036355216
86.0	86.43865	-3.3071895498402455	-98.64170843193692
87.0	87.43833	2.162821339070774	-99.0392357924599
88.0	88.43807	0.02583753526825205	-101.47884875976798
89.0	89.43787	1.1704217084667479	-95.65542336913195
90.0	90.4377	21.79675823973181	-79.80678477752586
91.0	91.43753	23.775384132111615	-86.53058037712286
92.0	92.43738	19.146259631020175	-84.33443882214624
93.0	93.4373	46.75238127291981	-65.74038298986328
94.0	94.43723	43.107318396206914	-66.08715277196254
95.0	95.43715	42.97959351695101	-61.99512162853271
96.0	96.43713	52.09301856137946	-56.35498164513285
97.0	97.43712	60.41114982353373	-52.9734416500988
98.0	98.43712	58.85300217274128	-53.106589062130006
99.0	99.43714	57.117732911717056	-46.95537734055813
100.0	100.43717	106.17790618639329	-54.046885200324056
101.0	101.43721	95.18415393824174	-53.2705055292683
102.0	102.43727	107.39893912384862	-53.23118500845397
103.0	103.43734	101.23740869921149	-53.38152703979421
104.0	104.43738	100.3085885151025	-52.42096641285073
105.0	105.43744	110.71140473450883	-47.342563415625385
106.0	106.43748	108.62497981677244	-55.38061052594933
107.0	107.43754	99.79441289208464	-57.02176868241461
108.0	108.43759	107.64192140375395	-54.652443734818235
109.0	109.43764	93.97997569429903	-57.84118849427449
110.0	110.43771	112.95273012509469	-58.319499297942954
111.0	111.43775	105.71927260695078	-59.15057823152746
112.0	112.43781	87.77764079321891	-57.11072447382513
113.0	113.43785	112.3886455311994	-59.93813941751158
114.0	114.43791	103.38347422867224	-60.9057039688525
115.0	115.43796	116.54141052362314	-60.943686279589706
116.0	116.43801	107.54365016190457	-61.375520050472545
117.0	117.43806	109.2230354189186	-61.555222821802516
118.0	118.43811	102.48414452647198	-58.48966353845747
119.0	119.43814	100.00785681588386	-60.94800114781514
120.0	120.43816	84.93850721432169	-63.0376115277533
121.0	121.43821	81.99423294241967	-63.524239770796186
122.0	122.4383	83.23333694069349	-62.44769952528055
123.0	123.43841	82.27890343591692	-62.97706838543926
124.0	124.43855	87.90668095826832	-66.30414646999542
125.0	125.43866	84.92373693436332	-62.9752895859192
126.0	126.43874	76.14333370739408	-62.9127805643635
127.0	127.43887	92.82864237153026	-62.94853556936641
128.0	128.43908	91.39554089333706	-63.37446369496238
129.0	129.43931	87.09843818449094	-63.54075459626557
130.0	130.43954	73.00188067730927	-64.5223523713576
131.0	131.43977	68.3361594840503	-63.92684447585675
132.0	132.44001	50.156479871504125	-64.8697942439682
133.0	133.44019	48.23098556918741	-60.81871720544026
134.0	134.44035	37.29132956118398	-63.82133669454107
135.0	135.44055	46.28695020916795	-65.1084024085821
136.0	136.44074	8.227024204681145	-64.6930666676157
137.0	137.44095	11.008765279193224	-65.11272923580847
138.0	138.44103	46.17054845523157	-64.7274330941392
139.0	139.44098	26.133191031024978	-65.21977310801839
140.0	140.44088	31.42873627645358	-61.48490213883677
141.0	141.44061	12.842927376791415	-65.67130207280695
142.0	142.44026	11.460614933157773	-67.3402178148163
143.0	143.4398	-2.9218569876415255	-67.86035318893596
144.0	144.43932	2.480879675423878	-60.04109259946735
145.0	145.43892	-2.426751764839849	-66.81432972403046
146.0	146.43857	2.2230803710726694	-66.88411637098935
147.0	147.43829	-12.235623590464575	-66.7037474720609
148.0	148.43805	6.0358005402291175	-64.34825790984897
149.0	149.43784	-4.1200366532072845	-66.82339804768147
150.0	150.43765	-14.521793547694072	-67.3976861852778
151.0	151.43753	-18.357019951637252	-63.94315482965227
152.0	152.43743	-32.407881380591824	-67.4518219177196
153.0	153.43733	-26.105040072347318	-68.38098407609492
154.0	154.43726	-25.808761518797805	-63.16898196810463
155.0	155.43723	-61.16219832297642	-79.58440953002895
156.0	156.43719	-48.4402490923356	-65.52092766990225
157.0	157.43718	-46.658615687072654	-61.75093271543745
158.0	158.43719	-57.574162580950805	-71.46255065642933
159.0	159.43721	-67.25669167860819	-69.73404305874998
160.0	160.43724	-71.37611367561942	-69.91136526762624
161.0	161.4373	-113.12347803777048	-65.35725476119619
162.0	162.43735	-104.1498662107972	-73.45700758810091
163.0	163.4374	-118.97753852361349	-71.62587055138688
164.0	164.43746	-105.02600737619747	-71.87199284772024
165.0	165.43751	-95.93605715106035	-70.8532876293659
166.0	166.43756	-114.06491837738764	-69.79705195560119
167.0	167.43762	-117.93281648907113	-74.43700276997292
168.0	168.43767	-105.01345267467104	-70.94160358849487
169.0	169.43772	-117.8311110049224	-81.68031351617718
170.0	170.43776	-104.34433591540336	-75.35722019173942
171.0	171.4378	-96.69394160157978	-72.00945536563756
172.0	172.43784	-111.0449992966425	-75.9303054776124
173.0	173.43789	-113.13395361160502	-80.89353187449485
174.0	174.43795	-108.68008671040386	-75.86323619365079
175.0	175.438	-117.45388219428004	-72.64708807465158
176.0	176.43806	-101.51259796341982	-71.43356833050103
177.0	177.43811	-103.12139247631082	-70.45285823912974
178.0	178.43815	-94.82797305767197	-69.04180160891183
179.0	179.43817	-99.69119005596546	-64.98180289391277
180.0	180.4382	-91.426183119667	-56.15451629961618
181.0	181.43826	-77.10660668314063	-52.06775926980188
182.0	182.43837	-90.93146926180526	-51.16023648984401
183.0	183.4385	-84.74055390503614	-50.63687701105037
184.0	184.43866	-88.80714793747127	-49.4329181234598
185.0	185.43884	-96.78583280120334	-48.574245668323776
186.0	186.43896	-76.23862336915765	-44.67434611358845
187.0	187.43911	-94.47751913252627	-45.82802865933217
188.0	188.43932	-82.90777848702804	-50.65249681848692
189.0	189.43954	-83.16472337736538	-37.390000146773616
190.0	190.43977	-76.16569308242005	-31.257036955767525
191.0	191.44002	-61.491759844927394	-24.15141298308483
192.0	192.44023	-47.52606018338312	-11.431735012825799
193.0	193.44042	-35.692222853341306	-0.7195537417665042
194.0	194.44063	-32.41756340200998	8.340621867443053
195.0	195.44082	-22.53951309293708	14.413452622743261
196.0	196.441	-5.284980702220891	47.46735617066408
197.0	197.44115	-22.28190103052624	27.751241561005408
198.0	198.44125	-25.340560067349042	48.704290334553946
199.0	199.44118	-11.709362512039474	44.920377350432126
200.0	200.44108	-36.07257404740352	42.50097302008393
201.0	201.44082	-21.37488445797661	37.4480808994495
202.0	202.44042	-14.115469215988046	31.1776787175632
203.0	203.43994	-12.682801459583118	26.60967939643049
204.0	204.43947	-4.816067953750307	28.54828318004522
205.0	205.43907	-1.465094049395446	35.34472324372283
206.0	206.43871	-8.660205850299462	35.44082127683132
207.0	207.43839	-3.338504855689308	34.11255328575768
208.0	208.43814	-0.5718192345276236	33.30723081080707
209.0	209.43793	15.629614676256297	30.258452917143323
210.0	210.43775	13.898530781654316	27.1656075450099
211.0	211.43758	11.252808378700637	33.22751667450916
212.0	212.43745	29.595875966799515	42.49116910575582
213.0	213.43736	25.119350410455855	38.17131632053959
214.0	214.43728	42.11059433381588	37.28135302151934
215.0	215.43724	24.287129621599117	13.087282234986702
216.0	216.43721	64.24640027755075	52.552571488188626
217.0	217.43718	60.58158269324338	37.34669828982984
218.0	218.4372	64.91747426423053	39.274649651813235
219.0	219.43723	56.55427332113068	40.43160415253661
220.0	220.43726	91.09520215238143	84.17755923877675
221.0	221.4373	105.86685462563008	84.51896662001666
222.0	222.43735	103.6194230340163	98.12287878198832
223.0	223.4374	111.12422346695926	94.62627562098825
224.0	224.43747	93.93559411399532	78.37135486925412
225.0	225.43753	116.49443248179286	95.23063449456374
226.0	226.43759	111.1717223150936	91.16973223302844
227.0	227.43763	106.82193160357494	90.34409864628284
228.0	228.43766	114.86628000575821	99.99239278928452
229.0	229.43771	100.41259714308323	89.78309860923173
230.0	230.43776	103.0519154531379	89.43813005446026
231.0	231.43782	110.4202287593173	92.40376171072529
232.0	232.43787	117.61234978338223	91.29097690952166
233.0	233.43791	98.06302689850888	91.97524306969687
234.0	234.43796	110.06223472506085	96.02170716402323
235.0	235.43801	103.36724631195402	90.00150403118406
236.0	236.43806	102.10646314838263	94.32443935258223
237.0	237.43811	100.46151976213217	94.1593320089333
238.0	238.43817	88.61655521949645	86.26885330047651
239.0	239.4382	100.6963713871967	99.00247217899553
240.0	240.43823	85.26911452955667	95.14290922348496
241.0	241.43828	85.75869482273139	94.8812490818815
242.0	242.43836	74.3514359269618	91.46089596223523
243.0	243.43848	81.07055890340104	98.44215861936749
244.0	244.43862	79.24765252929824	92.36366654442395
245.0	245.43872	77.63870511915292	92.7886962221124
246.0	246.43879	83.61573499115474	99.77330974123723
247.0	247.43892	84.0196519288524	99.69032102215473
248.0	248.43912	79.6524299818343	99.93025535912489
249.0	249.43934	82.78179333723672	103.6591774210608
250.0	250.43955	71.60239286090105	105.15384275172828
251.0	251.43976	68.04362885062929	104.13763701623276
252.0	252.43998	56.85485721964123	106.10153050287066
253.0	253.44016	46.68645810663657	108.31592609701181
254.0	254.44035	42.913592985306245	116.37115380612921
255.0	255.44056	30.81127124497249	111.80916680148577
256.0	256.44076	20.108638402999897	112.38304900516965
257.0	257.44094	14.201183212354534	108.99087302539161
258.0	258.441	33.882400148232236	131.23632658644974
259.0	259.44093	29.20939367639937	133.77551600982224
260.0	260.44084	27.328382638426415	131.73047220134217
261.0	261.44062	13.682951781887182	120.43715057852954
262.0	262.44026	-12.5583003496964	111.56875728054601
263.0	263.4398	4.4573097273236275	103.99536499969213
264.0	264.4393	-6.0938959976394775	93.72192981095048
265.0	265.43891	-10.957358999176016	104.43646659036243
266.0	266.43857	-7.958753580639559	98.47736551720868
267.0	267.43827	-20.739885778458802	81.70507646510818
268.0	268.43802	2.0611904452831453	101.03439176897103
269.0	269.43781	-15.433725519984854	88.18801041794771
270.0	270.43764	-25.525500244544084	88.54489256952185
271.0	271.4375	-15.772509525600302	83.06039220368503
272.0	272.43738	-21.71756756667464	90.88761159354988
273.0	273.4373	-37.083799123681956	73.68137621725403
274.0	274.43724	-39.027847659813546	67.1762189054448
275.0	275.43718	-48.865409045376026	58.86145204751709
276.0	276.43716	-55.19228974990011	55.50280326733458
277.0	277.43717	-56.53815552261996	52.31301419338541
278.0	278.43718	-57.3285071179036	52.1063435465405
279.0	279.4372	-54.13174262514496	58.07947617992303
280.0	280.43724	-68.52701782751775	52.529543898033815
281.0	281.43728	-104.13137026132378	54.31610846560611
282.0	282.43733	-104.19303070955038	52.720840374935776
283.0	283.4374	-108.31877077783274	52.511304766356666
284.0	284.43744	-106.72808716359538	52.03437179257353
285.0	285.4375	-109.0489995749678	53.4339736436652
286.0	286.43755	-112.83693683326663	53.20600851767235
287.0	287.43759	-102.18579304184242	58.26403930570933
288.0	288.43764	-122.34174831934214	44.9597623415632
289.0	289.43769	-95.45658620056237	64.49040694358851
290.0	290.43776	-111.70750006245362	58.08871486225003
291.0	291.4378	-120.39778319666786	43.82471731810662
292.0	292.43785	-103.40062304111046	58.611991084239015
293.0	293.4379	-121.07123975724971	60.51472080137379
294.0	294.43796	-109.16066087620298	53.51872015253365
295.0	295.43801	-110.03267674609891	60.88131484888626
296.0	296.43806	-93.15274920631022	63.54865543579185
297.0	297.43811	-95.13655636654649	63.274572066979545
298.0	298.43815	-105.37410658198061	55.32098839928008
299.0	299.43819	-93.67535671939885	67.78211749746511
300.0	300.43823	-99.66407616827628	54.249480042192744
301.0	301.43831	-85.63024981133405	64.22607838425893
302.0	302.43841	-85.13706542235406	62.1117435457793
303.0	303.43854	-95.95866905178836	61.95174424890652
304.0	304.43867	-92.31793308052556	62.44108009606802
305.0	305.43885	-79.42547455758614	65.8579376036243
306.0	306.43898	-83.53168406632116	65.81828319698043
307.0	307.43913	-80.98562480705675	60.565615724071115
308.0	308.43934	-85.69695896063389	63.42849783416001
309.0	309.43955	-75.98361322774868	62.89589224938243
310.0	310.43978	-62.128324707175125	63.384981016675525
311.0	311.44001	-63.50505219842132	63.474293231163294
312.0	312.44025	-46.60207000928072	64.5770653302104
313.0	313.44043	-45.43744643124664	64.8137112010769
314.0	314.44063	-37.70537069081502	64.24534991661908
315.0	315.44081	-38.387638313243414	62.44461322594332
316.0	316.44097	-18.643255838585493	67.19833982082112
317.0	317.44113	-23.981703405549094	63.2032956352389
318.0	318.44124	-37.19313472278417	63.95396812507085
319.0	319.4412	-28.605116711606893	65.00402476828728
320.0	320.44108	-33.75974573091432	64.66079899787375
321.0	321.4408	-27.87882346765246	63.63133239353231
322.0	322.44042	-16.896146136450586	65.11577592625868
323.0	323.43996	-10.499843035052569	57.91782723547923
324.0	324.43949	0.7384701009282253	68.00520074747034
325.0	325.43907	9.084081701035533	67.46292649263276
326.0	326.43871	-17.376826281701334	65.8715133929776
327.0	327.43839	-13.173811053800238	62.77550151089395
328.0	328.43815	0.35667023282637444	64.75419775693632
329.0	329.43794	-4.777885890474579	67.4065020894553
330.0	330.43774	20.15596766185159	72.69316614570927
331.0	331.43757	3.6712090873880925	56.008502905708916
332.0	332.43746	23.47970021365456	65.87397933595926
333.0	333.43737	30.4152742156869	65.56571828974597
334.0	334.43729	41.3171673026493	68.4752707694542
335.0	335.43723	53.22973389874191	71.17814776192236
336.0	336.43721	50.022134132561085	67.1865902472612
337.0	337.43719	52.94489822750747	64.19664293090221
338.0	338.4372	56.54320752540971	66.1052752592353
339.0	339.43723	58.68110980668306	75.36942183794322
340.0	340.43724	105.53607910439811	73.2808942018189
341.0	341.4373	106.13596207244495	71.27659837606828
342.0	342.43734	108.1061626502567	69.17805254018155
343.0	343.4374	92.29365587361774	70.08759944768138
344.0	344.43747	107.39884527500551	70.09175800225586
345.0	345.43751	111.79145862003637	70.49801622155223
346.0	346.43755	104.39525703572855	71.08993914614021
347.0	347.43759	102.3092635532724	69.54746349682897
348.0	348.43764	111.32146583515815	69.904646378198
349.0	349.4377	100.89531696491844	69.3904963101747
350.0	350.43774	100.33623840427722	70.01304696153777
351.0	351.4378	104.22222459659635	70.42740016498794
352.0	352.43784	111.37572856474587	70.83760870661737
353.0	353.4379	94.94994169820056	69.24153140385879
354.0	354.43795	101.51106444586668	70.66451132743852
355.0	355.43801	93.240682939649	72.07495900760348
356.0	356.43806	108.39474198492368	70.72872453236344
357.0	357.43811	86.03551413525055	66.7115581649916
358.0	358.43814	88.22272591142554	55.80993697895587
359.0	359.43816	95.35957049758912	62.16243303995861
360.0	360.43817	70.89290701577652	52.368305055823654
