Version	KoJaC2_v7r2	 	 INTERNAL 
Testrig	Axial Cycle Force Generation 
Modfile	016cccc.mod
comment	VShape GPPC ZUM
Analysis name	.a016cccc_t2600a200d
Applied torque	2600.0
Rpm	200.0
Articulation angle	20.0
Mode	Drive
Contact	cfo_sp_ro_1
Part	iroller_1
RefSystem	iroller_1.ro_ref


Angle_Rot_Spider.Last_Rot	Track	CPoint_x	CPoint_y	CPoint_z	Normal_Force_x	Normal_Force_y	Normal_Force_z	Normal_Force_mag	Friction_Force_x	Friction_Force_y	Friction_Force_z	Friction_Force_mag	Friction_Force_Mu	Friction_Torque_x	Friction_Torque_y	Friction_Torque_z	Friction_Torque_mag	Boring_Velocity	Slip_Velocity	Pos_Ball_x	Pos_Ball_y	Pos_Ball_z	
0.0	8	13.00678	-3.46271	-0.05314	26959.13621	0.17234	-135.58507	26959.47715	0.32533	-1886.12907	62.28927	1887.15737	0.07	-2.11218	-1e-05	0.01062	2.11221	1.44013	14.4956	
1.0	9	13.00618	-3.45909	-0.14403	26858.98854	0.17109	-325.61575	26860.96222	0.79243	-1879.16715	64.37741	1880.26973	0.07	-2.51361	-2e-05	0.03047	2.51379	1.76667	12.22533	
1.0	68	7.09488	-3.42692	-10.90148	102.34403	0.00826	-157.69771	187.99699	1.19341	-13.08273	0.77383	13.15982	0.07	2e-05	0.0	-3e-05	-3e-05	-59.99096	5.17245	
2.0	9	13.0006	-3.45146	-0.4064	26961.74729	0.17119	-879.811	26976.09839	2.24304	-1887.0907	68.37047	1888.33018	0.07	-2.65898	-2e-05	0.08677	2.6604	1.87311	9.74214	
3.0	9	12.99306	-3.44214	-0.60121	26960.34819	0.17097	-1290.23851	26991.20394	3.8433	-1887.6853	80.05796	1889.3861	0.07	-2.89686	-2e-05	0.13863	2.90017	2.07907	6.97777	
4.0	9	12.98888	-3.43177	-0.68547	26962.2838	0.17027	-1467.41808	27002.18628	4.46249	-1888.38032	81.77447	1890.15534	0.07	-3.86616	-2e-05	0.21041	3.87188	4.15928	4.40846	
5.0	9	12.98479	-3.41932	-0.75884	26963.83712	0.16953	-1622.24526	27012.59321	4.81283	-1889.18773	79.79816	1890.87841	0.07	-3.86825	-2e-05	0.23273	3.87524	37.60955	1.54325	
6.0	9	12.98067	-3.4051	-0.82523	27074.63446	0.16929	-1768.07022	27132.30369	5.49838	-1203.30566	84.08206	1206.25227	0.04446	-3.88619	-2e-05	0.25378	3.89447	44.04647	0.04548	
6.0	68	6.33481	-3.39166	-11.36009	1.35705	4e-05	-2.43333	2.78616	0.01393	-0.19438	0.00777	0.19503	0.07	0.0	0.0	-0.0	-0.0	-38.24712	0.76343	
7.0	9	12.97919	-3.39149	-0.84961	27369.8778	0.17022	-1838.36217	27431.54728	5.66729	672.4932	84.43794	677.79716	0.02471	-3.92936	-2e-05	0.26392	3.93821	49.89167	0.02399	
7.0	68	6.34206	-3.37129	-11.35604	10.57138	0.0003	-18.95252	21.70143	0.02927	-1.51873	0.0163	1.5191	0.07	0.0	0.0	-0.0	-0.0	-31.92446	2.19774	
8.0	9	12.97519	-3.37776	-0.90916	27582.65098	0.17073	-1980.35088	27653.6512	6.1418	1933.84724	85.71072	1935.75546	0.07	-3.96344	-2e-05	0.28456	3.97364	56.26349	1.3409	
9.0	9	12.97244	-3.36193	-0.94744	27516.80532	0.16921	-2056.11347	27593.51695	5.79982	1929.96832	77.77741	1931.5436	0.07	-3.95661	-2e-05	0.29565	3.96764	62.67937	4.50936	
9.0	68	6.18492	-3.35292	-11.44231	51.11873	0.00822	-95.26741	108.1157	6.12291	-2.99886	3.28518	7.56806	0.07	0.0	0.0	-1e-05	-1e-05	-25.83796	0.27345	
10.0	9	12.96393	-3.34256	-1.05752	27539.8863	0.16871	-2294.41034	27635.29728	7.71457	1932.23706	92.74035	1934.47676	0.07	-3.9668	-2e-05	0.33048	3.98055	73.00892	7.50388	
10.0	68	6.03605	-3.32418	-11.52164	29.48862	0.00077	-56.40444	63.64778	3.22226	2.57434	1.68466	4.45514	0.07	0.0	0.0	-0.0	-0.0	-21.23808	1.74723	
11.0	9	12.9558	-3.32074	-1.15208	27559.92887	0.16779	-2498.04879	27672.90962	7.69991	1935.21575	85.07991	1937.10038	0.07	-3.9756	-2e-05	0.36035	3.99189	75.71366	10.26703	
12.0	9	12.9482	-3.29663	-1.23557	27548.06999	0.16623	-2675.45934	27677.68492	8.32864	1935.51922	85.87677	1937.44131	0.07	-3.97971	-2e-05	0.38651	3.99843	82.10262	12.98209	
13.0	9	12.93977	-3.27017	-1.32077	27544.8746	0.16452	-2857.1402	27692.65908	9.80342	1936.14651	94.62345	1938.48214	0.07	-3.98533	-2e-05	0.41339	4.00671	94.45784	15.691	
14.0	9	12.93436	-3.24197	-1.3721	27530.21613	0.16258	-2964.53666	27689.37121	9.45653	1936.24049	87.92444	1938.25885	0.07	-3.98932	-2e-05	0.42958	4.01238	103.84234	18.24178	
14.0	68	5.58579	-3.21355	-11.7465	9.1134	0.0002	-19.18227	21.23708	0.18731	1.47145	0.089	1.48599	0.07	0.0	0.0	-0.0	-0.0	-7.2786	5.99243	
15.0	9	12.9267	-3.2115	-1.44285	27527.89284	0.16085	-3115.58935	27703.64203	9.14928	1937.53965	80.93884	1939.25107	0.07	-3.9951	-2e-05	0.45216	4.0206	112.35643	20.70669	
16.0	9	12.91801	-3.17902	-1.51835	27523.10463	0.15912	-3276.35371	27717.42741	9.68119	1938.484	81.42127	1940.21735	0.07	-4.00176	-2e-05	0.47637	4.03001	119.86556	23.05901	
17.0	9	12.91452	-3.14517	-1.54724	27480.8045	0.15676	-3331.61905	27682.02127	9.2335	1936.2185	76.25345	1937.74145	0.07	-4.0014	-2e-05	0.48511	4.0307	127.40126	25.45135	
17.0	68	5.27262	-3.12479	-11.89036	32.22485	0.00018	-72.99221	79.78912	0.64478	5.54058	0.28467	5.58523	0.07	-0.0	-0.0	0.0	0.0	4.3321	8.46519	
18.0	9	12.90551	-3.109	-1.62156	27504.62318	0.15497	-3494.01325	27725.66365	8.72879	1939.55641	68.79841	1940.79584	0.07	-4.01265	-2e-05	0.50974	4.0449	134.02099	27.66856	
19.0	9	12.89288	-3.07073	-1.71919	27250.4639	0.15124	-3668.50028	27496.28479	9.90664	1923.30399	73.66808	1924.73982	0.07	-3.98407	-2e-05	0.53634	4.02001	141.39125	29.95302	
20.0	9	12.8845	-3.03062	-1.781	27339.1726	0.14927	-3812.35551	27603.70289	9.77001	1930.96169	70.13831	1932.25979	0.07	-4.00416	-2e-05	0.55837	4.04291	147.66895	32.71978	
21.0	9	12.88104	-2.98889	-1.8056	27525.46589	0.14766	-3889.08043	27798.85283	9.5388	1944.72608	67.58589	1945.92353	0.07	-4.03809	-2e-05	0.57054	4.07819	154.06423	34.67246	
21.0	68	4.80953	-2.97514	-12.08501	36.77913	0.00244	-92.39139	99.44281	0.68046	6.92238	0.27106	6.96102	0.07	-0.0	-0.0	1e-05	1e-05	15.22801	12.39762	
22.0	9	12.86922	-2.94507	-1.88735	27902.96068	0.14731	-4120.70096	28205.59149	7.99524	1973.63093	54.2096	1974.39147	0.07	-4.10221	-2e-05	0.60581	4.1467	159.86876	36.46568	
23.0	9	12.85418	-2.89954	-1.98817	27860.90837	0.14437	-4334.8047	28196.11226	11.81762	1972.30557	76.0206	1973.80547	0.07	-4.1055	-2e-05	0.63876	4.15489	166.42935	38.18912	
23.0	68	4.51138	-2.90191	-12.19939	9.81112	0.00026	-26.39937	28.16354	0.2194	1.95715	0.08156	1.9711	0.07	-0.0	-0.0	0.0	0.0	19.09268	13.53812	
24.0	9	12.84387	-2.85291	-2.05344	27870.97367	0.1417	-4478.91528	28228.56453	10.16999	1974.94705	63.34734	1975.9889	0.07	-4.1148	-2e-05	0.66126	4.16759	172.74423	39.90131	
25.0	9	12.83256	-2.80493	-2.12281	27873.71498	0.13877	-4630.81545	28255.76824	11.29099	1976.76657	68.02175	1977.96878	0.07	-4.1237	-2e-05	0.68509	4.18022	178.94137	41.3939	
26.0	9	12.82338	-2.75594	-2.17778	27896.85347	0.13558	-4753.7068	28298.97811	9.3029	1980.14806	54.65003	1980.9239	0.07	-4.13453	-2e-05	0.70454	4.19413	185.10637	42.7084	
27.0	9	12.81673	-2.70615	-2.21652	27903.38923	0.13215	-4837.58745	28319.62893	8.63654	1981.72872	49.87004	1982.37492	0.07	-4.14307	-2e-05	0.71828	4.20487	191.3517	44.12975	
27.0	81	4.02817	-2.63947	-12.36749	24.77722	0.0001	-75.9397	79.87959	0.41599	5.57443	0.13573	5.59158	0.07	-0.0	-0.0	0.0	1e-05	28.92387	14.05129	
28.0	9	12.79965	-2.65493	-2.31277	27982.63276	0.12916	-5065.9266	28437.49898	8.54724	1990.02504	47.26308	1990.60456	0.07	-4.16318	-2e-05	0.75369	4.23085	197.24475	45.44881	
28.0	109	7.68076	-2.7042	10.49698	0.33856	-0.0	0.46168	0.57252	-0.0004	0.04008	0.00029	0.04008	0.07	-0.0	0.0	-0.0	0.0	148.29458	94.50378	
29.0	9	12.78904	-2.60282	-2.37118	28051.94326	0.12596	-5207.40502	28531.18623	6.74619	1996.77704	36.38955	1997.11999	0.07	-4.18127	-2e-05	0.77619	4.25271	203.28358	46.79688	
30.0	9	12.77671	-2.54974	-2.43657	28257.66079	0.12309	-5392.73272	28767.63736	6.85605	2013.3835	35.97132	2013.71648	0.07	-4.21955	-2e-05	0.80526	4.2957	209.2171	47.93568	
31.0	9	12.76392	-2.4958	-2.50286	28386.69345	0.11975	-5566.7794	28927.38146	7.46145	2024.54056	38.09172	2024.91262	0.07	-4.24631	-2e-05	0.83272	4.32719	215.13424	49.08057	
32.0	9	12.74975	-2.44106	-2.57366	28520.10635	0.11631	-5754.88321	29094.93336	9.54879	2035.95131	47.36312	2036.52454	0.07	-4.27336	-2e-05	0.86229	4.35949	221.42439	50.09947	
33.0	9	12.73776	-2.3858	-2.63241	28672.20005	0.11286	-5923.32791	29277.65136	7.91375	2049.03261	38.346	2049.40667	0.07	-4.30238	-2e-05	0.88882	4.39323	227.63128	51.02902	
33.0	109	7.97054	-2.39641	10.27871	0.75049	0.0	0.96266	1.22063	-0.0006	0.08544	0.00047	0.08545	0.07	-0.0	-0.0	-0.0	0.0	161.47032	106.04629	
34.0	9	12.72303	-2.3301	-2.70281	28834.2595	0.10942	-6123.39179	29477.28699	10.28667	2062.76818	48.47545	2063.36333	0.07	-4.33158	-2e-05	0.91988	4.42818	234.27969	51.862	
35.0	9	12.71065	-2.2738	-2.7606	29012.40691	0.10601	-6298.52903	29688.23374	9.37834	2077.69256	43.23368	2078.16348	0.07	-4.36384	-2e-05	0.94738	4.46549	240.80648	52.57857	
36.0	9	12.69912	-2.21699	-2.81311	29217.45965	0.1026	-6469.88587	29925.22968	6.04003	2094.40771	27.30949	2094.59446	0.07	-4.39967	-2e-05	0.97426	4.50625	247.51065	53.28712	
37.0	9	12.68387	-2.15973	-2.88124	29309.10227	0.09866	-6655.19081	30055.1999	9.21274	2103.42317	40.60358	2103.83521	0.07	-4.41902	-1e-05	1.00342	4.53151	254.53939	53.86271	
38.0	9	12.67114	-2.10205	-2.93653	29269.73089	0.09434	-6782.71092	30045.33763	9.1608	2102.77767	39.56126	2103.16974	0.07	-4.41883	-1e-05	1.02398	4.53592	260.45656	54.47929	
39.0	9	12.66029	-2.04391	-2.98313	29244.58792	0.08986	-6889.91278	30045.24623	8.85027	2102.63186	37.59283	2102.98651	0.07	-4.42058	-1e-05	1.04147	4.5416	266.80564	55.05378	
40.0	9	12.64471	-1.98526	-3.04848	29212.26096	0.08526	-7041.10859	30048.85024	9.09883	2103.0195	37.77484	2103.37842	0.07	-4.42137	-1e-05	1.06569	4.54799	271.30696	55.53198	
41.0	9	12.63381	-1.92639	-3.09322	29171.14946	0.08063	-7140.91714	30032.46008	9.55508	2101.88565	39.0569	2102.27021	0.07	-4.42019	-1e-05	1.08203	4.5507	277.33011	55.90068	
41.0	76	2.5818	-1.85566	-12.74816	5.49214	9e-05	-27.12608	27.67649	0.25759	1.91944	0.05216	1.93735	0.07	-0.0	-0.0	1e-05	1e-05	58.53896	7.59325	
41.0	109	8.12931	-1.917	10.15346	2.35498	9e-05	2.93084	3.75976	-0.00164	0.26317	0.00131	0.26318	0.07	-0.0	-0.0	-0.0	0.0	176.95587	121.64927	
42.0	9	12.62034	-1.86726	-3.14783	29161.54696	0.07611	-7272.94625	30054.8094	0.32382	2103.83751	1.32039	2103.83795	0.07	-4.42432	-1e-05	1.10343	4.55984	280.14891	56.21392	
43.0	9	12.60848	-1.80793	-3.1951	29141.98817	0.07162	-7383.95686	30062.9056	-10.4952	2103.96735	-41.40062	2104.40081	0.07	-4.42667	-1e-05	1.12162	4.56655	286.58018	56.36536	
43.0	109	8.13531	-1.85191	10.14866	0.02394	-0.0	0.02996	0.03835	2e-05	0.00268	-1e-05	0.00268	0.07	-0.0	0.0	-0.0	0.0	178.01355	124.27248	
44.0	9	12.58757	-1.74846	-3.2765	29102.71497	0.06729	-7573.26762	30071.95373	-4.89614	2105.11086	-18.79629	2105.20047	0.07	-4.42601	-1e-05	1.15176	4.57341	292.25514	56.31354	
45.0	9	12.58199	-1.68918	-3.29764	29082.47734	0.06276	-7621.22736	30064.4906	-14.77113	2103.76847	-56.34907	2104.57482	0.07	-4.42767	-1e-05	1.1603	4.57717	295.69916	56.53794	
46.0	9	12.56669	-1.6298	-3.35529	29039.35242	0.05794	-7752.28488	30056.31231	-6.9232	2103.77987	-25.91796	2103.95091	0.07	-4.42748	-1e-05	1.18195	4.58253	301.94454	56.32019	
46.0	76	2.06685	-1.60602	-12.84164	6.58573	0.00232	-41.97414	42.48765	-0.79268	2.86333	-0.12421	2.97362	0.07	-0.0	-0.0	0.0	0.0	62.46721	2.56523	
47.0	9	12.56194	-1.57062	-3.37319	29013.0948	0.05355	-7788.37732	30040.28114	-10.55492	2102.42544	-39.30452	2102.8193	0.07	-4.42625	-1e-05	1.1882	4.58296	306.32663	56.31422	
47.0	76	2.0708	-1.56469	-12.84102	12.50451	0.00309	-79.12038	80.10242	-3.01628	4.7027	-0.47652	5.60717	0.07	-0.0	-0.0	3e-05	3e-05	65.80715	1.81044	
48.0	9	12.54026	-1.51165	-3.45299	28996.56052	0.04904	-7982.66982	30075.29783	-13.11697	2104.67373	-47.63366	2105.25355	0.07	-4.42829	-1e-05	1.2191	4.59303	310.70701	55.85932	
49.0	9	12.52607	-1.45316	-3.50409	28966.20553	0.04449	-8102.06833	30077.9749	-11.83546	2105.04308	-42.30211	2105.50135	0.07	-4.42841	-1e-05	1.23866	4.59838	316.3819	55.38472	
50.0	9	12.51828	-1.3953	-3.53181	28944.31062	0.03989	-8164.4116	30073.7549	-16.54254	2104.15151	-58.63601	2105.03335	0.07	-4.42932	-1e-05	1.24939	4.60216	321.13467	55.01551	
51.0	9	12.50529	-1.33815	-3.57765	28915.88919	0.0355	-8270.57674	30075.42331	-18.01471	2104.2668	-62.97466	2105.28599	0.07	-4.42951	-1e-05	1.26694	4.60714	326.45364	54.39718	
52.0	9	12.48638	-1.28168	-3.64306	28881.87228	0.03124	-8425.41677	30085.71412	-11.79407	2105.57808	-40.42161	2105.99907	0.07	-4.42902	-0.0	1.29203	4.61363	330.71574	53.62314	
53.0	9	12.47509	-1.22594	-3.68145	28849.52147	0.02693	-8511.48106	30078.89956	-12.32001	2105.07245	-41.7518	2105.52251	0.07	-4.42807	-0.0	1.30642	4.61677	334.59867	52.90925	
53.0	106	1.57713	-1.15724	-12.91101	1.08116	-7e-05	-8.92281	8.98807	-0.08856	-0.62281	-0.01073	0.62916	0.07	-0.0	0.0	0.0	0.0	77.76478	8.70715	
54.0	9	12.46566	-1.17107	-3.71339	28831.72215	0.02271	-8587.0392	30083.3084	-17.52747	2104.93971	-58.84443	2105.83501	0.07	-4.42947	-0.0	1.31924	4.62175	338.52126	52.15447	
55.0	9	12.45507	-1.11709	-3.74873	28788.7543	0.01859	-8663.05225	30063.94599	-12.49517	2104.02857	-41.519	2104.47527	0.07	-4.42736	-0.0	1.33227	4.62347	342.39619	51.23993	
55.0	106	1.40779	-1.12422	-12.93054	5.04483	0.0	-46.32111	46.59502	-0.23768	-3.25291	-0.02589	3.26168	0.07	-0.0	-0.0	1e-05	1e-05	80.57174	12.38437	
56.0	9	12.43547	-1.06394	-3.81313	28765.83434	0.01463	-8820.02161	30087.63876	-11.72442	2105.75766	-38.23481	2106.13739	0.07	-4.42802	-0.0	1.3577	4.63149	346.50106	50.04574	
57.0	9	12.42768	-1.01198	-3.83856	28735.9503	0.01061	-8874.37676	30075.0628	-12.71216	2104.81239	-41.16049	2105.25319	0.07	-4.42672	-0.0	1.36708	4.63301	349.49466	49.11424	
57.0	106	1.23774	-0.99263	-12.94794	1.84394	0.0	-19.14064	19.22926	-0.08442	-1.34336	-0.00813	1.34604	0.07	-0.0	-0.0	0.0	0.0	82.30759	16.21892	
58.0	9	12.41688	-0.96096	-3.87313	28708.90326	0.00668	-8953.53259	30072.69313	-12.84761	2104.64654	-41.19342	2105.08884	0.07	-4.42643	-0.0	1.38048	4.6367	352.82353	47.99015	
58.0	106	1.2424	-0.96407	-12.94749	2.10506	1e-05	-21.86048	21.9616	-0.07405	-1.53551	-0.00713	1.53731	0.07	-0.0	-0.0	1e-05	1e-05	85.0429	18.04481	
59.0	9	12.40477	-0.91086	-3.91195	28684.53125	0.00275	-9044.41188	30076.63079	-14.94788	2104.68373	-47.40686	2105.27064	0.07	-4.42614	-0.0	1.39559	4.64094	356.28546	46.73404	
60.0	9	12.38808	-0.86204	-3.96441	28620.91391	-0.00102	-9157.37581	30050.19542	-13.25339	2103.06161	-41.42304	2103.51127	0.07	-4.42015	0.0	1.41424	4.64089	359.45037	45.27238	
60.0	102	8.35442	-0.89167	9.96899	21.16158	7e-05	25.17633	32.8886	0.01065	2.30215	-0.00896	2.30219	0.07	-1e-05	-0.0	-1e-05	1e-05	187.97366	128.68777	
61.0	9	12.38143	-0.81438	-3.98512	28590.20714	-0.00464	-9200.5088	30034.13569	-13.36704	2101.94023	-41.53859	2102.39313	0.07	-4.41915	0.0	1.42211	4.64234	362.40976	43.94232	
62.0	9	12.37101	-0.76784	-4.01718	28448.27405	-0.00819	-9236.18111	29910.05413	-13.28604	2093.26009	-40.92405	2093.70224	0.07	-4.40025	0.0	1.42861	4.62635	365.0181	42.61155	
62.0	102	8.35337	-0.82115	9.96988	29.47464	0.00013	35.05877	45.80253	0.01203	3.20613	-0.01013	3.20617	0.07	-1e-05	-0.0	-1e-05	1e-05	188.43953	127.33308	
62.0	106	0.89606	-0.75802	-12.97608	3.25601	0.0	-48.0029	48.1132	-0.10162	-3.36638	-0.00689	3.36792	0.07	-0.0	-0.0	0.0	0.0	84.57923	26.38349	
63.0	9	12.35925	-0.72269	-4.0532	28441.86872	-0.0119	-9325.44245	29931.65169	-13.55063	2094.7592	-41.33104	2095.21073	0.07	-4.40206	0.0	1.44334	4.63264	368.15597	41.12212	
63.0	102	8.35502	-0.72818	9.9685	12.84839	-0.00026	15.30273	19.98136	0.00712	1.3986	-0.00595	1.39863	0.07	-1e-05	0.0	-1e-05	1e-05	188.536	126.63272	
63.0	106	0.89951	-0.7083	-12.97584	0.68011	0.0	-10.02003	10.04308	-0.02088	-0.7027	-0.00142	0.70301	0.07	-0.0	-0.0	0.0	0.0	86.75887	28.4619	
64.0	9	12.34828	-0.67859	-4.08668	28427.55549	-0.01528	-9406.63747	29943.45904	-11.86638	2095.74464	-35.86447	2096.08508	0.07	-4.40288	0.0	1.45691	4.63767	370.87435	39.48476	
65.0	9	12.33711	-0.6359	-4.12032	28387.06411	-0.01883	-9478.87924	29927.82251	-13.7206	2094.496	-41.0942	2094.94403	0.07	-4.39982	0.0	1.46917	4.63863	373.51713	37.74449	
65.0	102	8.35716	-0.6608	9.96672	24.9892	-0.00181	29.84563	38.92585	0.01108	2.72483	-0.00911	2.72486	0.07	-1e-05	0.0	-1e-05	1e-05	188.76747	124.68088	
66.0	9	12.33186	-0.59468	-4.13609	29230.57747	-0.0228	-9802.17217	30830.32985	-14.06766	2157.6687	-41.9555	2158.12242	0.07	-4.53412	0.0	1.52047	4.78227	375.46221	36.18438	
67.0	9	12.32179	-0.55435	-4.16587	30599.92361	-0.02725	-10343.75158	32300.9059	-14.89902	2260.5816	-44.08173	2261.06045	0.07	-4.75187	0.0	1.60628	5.01601	377.41046	34.35158	
67.0	102	8.3597	-0.60133	9.96459	7.29228	-0.00066	8.71773	11.36557	0.00262	0.79558	-0.00214	0.79559	0.07	-0.0	0.0	-0.0	0.0	190.84252	122.57401	
68.0	9	12.31419	-0.51559	-4.1884	31082.20293	-0.03121	-10569.76986	32830.22043	-15.35196	2297.62043	-45.15183	2298.11532	0.07	-4.83342	0.0	1.64364	5.10524	380.15403	32.46207	
68.0	102	8.3615	-0.50881	9.96309	12.97448	-0.00117	15.51064	20.2217	0.00746	1.41548	-0.00613	1.41552	0.07	-0.0	0.0	-0.0	1e-05	190.9672	121.29701	
68.0	105	0.56096	-0.46049	-12.99479	0.70191	-0.00051	-16.4247	16.43969	-0.02025	-1.1506	-0.00083	1.15078	0.07	-0.0	0.0	0.0	0.0	83.76174	39.59521	
69.0	9	12.31662	-0.47852	-4.18121	31012.17383	-0.03428	-10525.37118	32749.63151	-15.39571	2291.97348	-45.3697	2292.47418	0.07	-4.82773	1e-05	1.63851	5.09821	382.51376	30.79013	
69.0	102	8.36593	-0.51978	9.95939	48.62668	-0.00438	58.1319	75.78833	0.01668	5.30515	-0.01355	5.30519	0.07	-5e-05	0.0	-6e-05	8e-05	191.02314	119.92416	
69.0	105	0.56356	-0.48206	-12.99468	6.77217	-0.00311	-160.68399	160.82664	-0.1212	-11.2572	-0.00489	11.25786	0.07	-0.0	0.0	4e-05	4e-05	85.164	41.92395	
70.0	9	12.29172	-0.44311	-4.25379	30985.56678	-0.03755	-10721.45965	32788.03205	-15.74989	2294.65879	-45.52603	2295.16441	0.07	-4.83029	1e-05	1.67135	5.11127	386.17509	28.29763	
70.0	102	8.36642	-0.45443	9.95899	61.76287	-0.00557	73.83586	96.26207	0.02861	6.73857	-0.02343	6.73867	0.07	-2e-05	0.0	-3e-05	3e-05	190.51758	118.49086	
71.0	9	12.29102	-0.40962	-4.25581	31014.83381	-0.0406	-10737.2302	32820.84746	-15.52243	2296.96917	-44.84572	2297.45934	0.07	-4.84129	1e-05	1.67604	5.1232	388.51359	26.40565	
71.0	102	8.36738	-0.43131	9.95819	2.02637	-0.00018	2.42247	3.15825	0.00068	0.22108	-0.00055	0.22108	0.07	-0.0	0.0	-0.0	0.0	191.12059	117.07037	
72.0	9	12.27262	-0.37776	-4.30822	30938.34566	-0.04335	-10857.82969	32788.31648	-16.05494	2294.67492	-45.75617	2295.18722	0.07	-4.83419	1e-05	1.69656	5.12326	390.36844	24.10921	
72.0	102	8.37093	-0.40232	9.95522	61.48314	-0.00539	73.48115	95.81052	0.01868	6.7063	-0.01514	6.70635	0.07	-4e-05	0.0	-5e-05	6e-05	191.98261	115.59428	
73.0	9	12.27089	-0.34751	-4.31307	30938.89086	-0.0463	-10871.75237	32793.44397	-14.72462	2295.13064	-41.91317	2295.56054	0.07	-4.84127	1e-05	1.7012	5.13147	392.39955	22.06952	
73.0	102	8.37116	-0.33163	9.95503	35.03144	-0.00306	41.8663	54.58927	0.01618	3.81666	-0.01326	3.81672	0.07	-3e-05	0.0	-4e-05	5e-05	192.6504	114.01262	
74.0	9	12.26501	-0.31878	-4.32986	30950.44196	-0.04874	-10924.36639	32821.81651	-9.54624	2297.34884	-27.05624	2297.52799	0.07	-4.84663	1e-05	1.71068	5.13968	394.18307	19.85874	
75.0	9	12.27129	-0.29218	-4.31193	30945.52983	-0.05144	-10869.80807	32799.06315	-22.78905	2294.90714	-64.88959	2295.93745	0.07	-4.85019	1e-05	1.70366	5.1407	395.83661	17.87542	
76.0	9	12.26121	-0.2671	-4.34071	30916.97084	-0.05355	-10941.37283	32795.92544	-16.95181	2295.15138	-47.91186	2295.714	0.07	-4.84974	1e-05	1.7163	5.14448	397.52315	15.48566	
77.0	9	12.25877	-0.24379	-4.34768	30907.12122	-0.05585	-10959.84939	32792.81081	-14.5564	2295.08233	-41.06119	2295.49577	0.07	-4.85274	1e-05	1.72081	5.14881	399.12106	13.12441	
78.0	9	12.2432	-0.22264	-4.39136	30874.17811	-0.05773	-11071.80824	32799.38737	-8.50716	2295.82135	-23.73451	2295.95979	0.07	-4.8518	1e-05	1.73991	5.15434	400.44351	10.54155	
79.0	9	12.27712	-0.2051	-4.29562	27509.74061	-0.05284	-9622.65493	29144.14721	60.57967	1672.58357	173.17909	1682.61603	0.05773	-4.32519	1e-05	1.51291	4.58216	413.39111	0.06353	
79.0	38	12.04453	2.95313	-3.84773	8.2551	2.16055	-2.63493	8.9307	-0.20515	0.06853	-0.58654	0.62515	0.07	-0.0	-0.0	0.0	0.0	402.99785	22.97909	
79.0	41	11.8296	2.86952	-4.52375	39.7081	10.59984	-15.18016	43.8124	-1.0036	-0.35876	-2.87572	3.06687	0.07	-1e-05	-0.0	0.0	1e-05	402.47927	22.36342	
79.0	55	12.09898	2.94298	-3.68179	2.92405	0.76201	-0.89043	3.15018	-0.07193	0.03613	-0.2053	0.22051	0.07	-0.0	-0.0	0.0	0.0	402.93729	23.08474	
80.0	9	12.2734	-0.20389	-4.30601	25818.63337	-0.04965	-9054.85826	27360.4146	100.78514	1240.03411	287.36762	1276.87994	0.04667	-4.05848	1e-05	1.42335	4.30084	406.36254	0.04817	
80.0	38	12.04252	2.93404	-3.86965	585.53753	153.33008	-188.00775	633.80694	-14.61297	4.7736	-41.618	44.36647	0.07	-0.00129	-0.00034	0.00041	0.00139	394.59145	22.38766	
80.0	41	11.31663	2.92729	-5.65445	544.29141	151.69652	-271.81888	627.01713	-12.92873	-19.83451	-36.95778	43.89119	0.07	-0.00082	-0.00023	0.00041	0.00095	390.65859	24.85695	
80.0	49	12.19501	2.92415	-3.36757	264.78292	68.49976	-73.2676	283.14369	-6.3502	5.27247	-18.01973	19.82005	0.07	-0.0002	-5e-05	5e-05	0.00021	394.09113	23.02834	
80.0	51	12.243	2.91491	-3.19797	28.92867	7.45711	-7.57522	30.8198	-0.68117	0.68176	-1.93016	2.15739	0.07	-0.0	-0.0	0.0	0.0	393.7692	23.33282	
80.0	55	12.09367	2.93409	-3.70664	707.88401	184.64034	-217.64598	763.25723	-17.52672	8.56407	-49.73954	53.42799	0.07	-0.00138	-0.00036	0.00042	0.00149	394.5094	22.5536	
80.0	106	0.25102	-0.19087	-13.00446	2.36816	-0.00487	-122.95264	122.97545	0.00285	-8.60828	0.0004	8.60828	0.07	-0.0	0.0	0.00024	0.00024	135.79891	85.43366	
81.0	9	12.25226	-0.20136	-4.36619	23967.62086	-0.04647	-8540.23615	25443.71206	138.07057	-61.85856	387.48648	415.97564	0.01635	-3.76355	1e-05	1.34104	3.99533	392.40641	0.0157	
81.0	38	11.77611	2.92894	-4.62089	4023.97516	1080.84159	-1579.13689	4455.81283	-103.44711	-40.65325	-291.43029	311.9064	0.07	-0.08839	-0.02374	0.03469	0.09787	378.86685	21.55419	
81.0	41	10.88618	2.92852	-6.44382	429.529	124.45752	-254.23017	514.41017	-9.4793	-22.07533	-26.82244	36.00862	0.07	-0.0008	-0.00023	0.00048	0.00096	369.35238	26.9153	
81.0	65	12.36011	2.90644	-2.71989	1706.28959	435.72848	-376.86253	1800.91889	-37.90794	56.79009	-105.97196	126.0642	0.07	-0.00333	-0.00085	0.00074	0.00352	378.86524	23.91624	
81.0	69	12.44092	2.87523	-2.36464	12.58009	3.19224	-2.38132	13.19544	-0.26392	0.49028	-0.73699	0.92368	0.07	-0.0	-0.0	0.0	0.0	377.77808	24.97699	
82.0	9	12.28591	-0.19905	-4.27054	21740.3423	-0.04207	-7554.8044	23015.59369	189.6673	-1346.04988	545.81013	1464.83196	0.06365	-3.40776	1e-05	1.1842	3.60765	368.19901	0.07427	
82.0	22	10.60288	2.89901	-6.91349	154.66079	46.05463	-100.99892	190.37272	-3.06659	-9.36819	-8.96772	13.32618	0.07	-0.00025	-8e-05	0.00017	0.00031	344.37625	27.87287	
82.0	38	11.81035	2.93542	-4.52811	8218.92138	2206.92711	-3150.98629	9074.68515	-205.95041	-82.79981	-595.18614	635.2306	0.07	-0.24764	-0.06649	0.09494	0.27342	356.79814	20.28174	
82.0	71	12.51836	2.90451	-1.86375	156.64912	39.48699	-23.26459	163.21584	-3.01206	6.87358	-8.61482	11.42514	0.07	-0.00024	-6e-05	4e-05	0.00025	353.07041	25.02021	
83.0	9	12.29722	-0.19723	-4.23787	21254.39603	-0.04116	-7321.93954	22480.21684	193.22927	-1457.49531	560.92123	1573.61455	0.07	-3.32553	1e-05	1.14561	3.51733	380.5081	1.83489	
83.0	22	10.49871	2.92652	-7.05837	350.7953	105.36506	-235.66532	435.54251	-5.90075	-23.03422	-19.08196	30.48795	0.07	-0.001	-0.0003	0.00067	0.00125	352.88254	30.58406	
83.0	38	11.82322	2.93466	-4.49492	8497.21047	2282.32726	-3229.78401	9372.46542	-195.47657	-137.01851	-611.10174	656.07202	0.07	-0.28234	-0.07584	0.10732	0.31142	368.86431	20.57203	
83.0	72	12.56094	2.91519	-1.52931	123.82074	31.10035	-15.06565	128.55264	-2.22012	5.60125	-6.68381	8.99868	0.07	-0.00026	-7e-05	3e-05	0.00027	365.21885	25.66974	
84.0	9	12.29325	-0.1949	-4.24936	21021.48958	-0.04085	-7265.99373	22241.80048	194.72841	-1438.29718	563.38336	1556.92606	0.07	-3.28231	1e-05	1.13452	3.47285	390.82307	4.13656	
84.0	22	10.32624	2.97266	-7.28841	0.82905	0.25325	-0.58671	1.04676	-0.01141	-0.05918	-0.04167	0.07327	0.07	-0.0	-0.0	0.0	0.0	358.20091	34.01217	
84.0	38	11.82074	2.93535	-4.50096	9010.20295	2425.235	-3429.6137	9941.21582	-184.62186	-213.56044	-636.0526	695.88519	0.07	-0.32648	-0.08788	0.12427	0.36021	379.61096	20.83333	
85.0	9	12.2971	-0.19292	-4.23822	20865.61355	-0.04069	-7191.05812	22070.00557	186.64646	-1434.77911	541.58251	1544.90764	0.07	-3.25192	1e-05	1.12073	3.43962	397.18222	6.29531	
85.0	20	10.06533	2.95193	-7.65324	296.94107	92.92652	-225.2006	384.08937	-3.00776	-23.06534	-13.48358	26.88612	0.07	-0.0003	-9e-05	0.00022	0.00038	359.55999	38.25698	
85.0	38	11.8298	2.93522	-4.47723	8987.25993	2421.84823	-3399.94591	9909.38051	-160.42213	-271.82629	-617.67965	693.65189	0.07	-0.34783	-0.09373	0.13159	0.38352	388.18944	21.20863	
86.0	9	12.28205	-0.19121	-4.28159	20847.73716	-0.04063	-7265.41785	22077.46456	179.81984	-1445.60038	515.99173	1545.42651	0.07	-3.24285	1e-05	1.13013	3.43414	401.16108	8.61609	
86.0	20	9.83799	2.94793	-7.94502	38.42075	12.3109	-31.01104	50.88612	-0.29289	-3.16012	-1.61739	3.56204	0.07	-0.0	-0.0	0.0	1e-05	354.91558	41.84065	
86.0	38	11.82404	2.93374	-4.4934	9218.73184	2490.25513	-3501.88781	10171.01792	-140.41443	-338.54792	-610.38897	711.97303	0.07	-0.37618	-0.10162	0.1429	0.41504	391.23532	21.64137	
86.0	75	12.63823	2.92674	-0.56454	10.44157	2.60588	-0.46463	10.77186	-0.15237	0.5164	-0.5279	0.75403	0.07	-2e-05	-1e-05	0.0	2e-05	389.46174	26.26636	
86.0	106	0.2501	-0.2245	-13.00448	0.02589	-7e-05	-1.30812	1.30838	0.0033	-0.09153	7e-05	0.09159	0.07	-0.0	0.0	0.0	0.0	95.91918	86.61315	
87.0	9	12.27935	-0.18906	-4.28932	20978.83696	-0.041	-7327.4592	22221.68442	167.28579	-1470.46111	478.95477	1555.51859	0.07	-3.25616	1e-05	1.13731	3.44907	403.43136	10.49689	
87.0	20	9.72253	2.92448	-8.09498	270.57273	87.81101	-225.39387	362.93632	-1.54986	-22.94379	-10.79917	25.40554	0.07	-0.00016	-5e-05	0.00013	0.00022	351.78828	44.41768	
87.0	38	11.84779	2.93212	-4.43158	8491.2971	2294.03553	-3174.95431	9351.20635	-111.47614	-343.21795	-546.12792	654.58475	0.07	-0.36185	-0.09776	0.1353	0.3985	393.65528	22.1022	
87.0	77	12.65524	2.90185	-0.21061	366.8772	91.48555	-6.2984	378.16419	-4.99102	18.77731	-17.97896	26.47151	0.07	-0.00061	-0.00015	1e-05	0.00063	391.99006	26.65442	
87.0	106	0.2584	-0.15591	-13.00432	0.68965	-0.00181	-34.85035	34.85718	0.08945	-2.43836	0.0019	2.44	0.07	-0.0	0.0	0.0	0.0	89.58379	87.77041	
88.0	9	12.27278	-0.18731	-4.30773	21173.01788	-0.04133	-7430.81761	22439.11176	158.99942	-1495.55286	453.0537	1570.73767	0.07	-3.28026	1e-05	1.15123	3.47641	405.58845	12.58444	
88.0	20	9.60676	2.90477	-8.23963	185.84636	61.02761	-159.30315	252.27115	-0.71478	-16.1822	-7.03313	17.65897	0.07	-0.00023	-7e-05	0.00019	0.00031	348.51128	47.11986	
88.0	38	11.88467	2.9313	-4.33237	8718.07098	2353.6217	-3177.42346	9572.89489	-96.31335	-378.42298	-544.57052	670.10243	0.07	-0.38546	-0.10406	0.14049	0.42325	396.60251	22.51918	
89.0	9	12.26726	-0.18569	-4.32346	21528.52495	-0.04197	-7586.06902	22825.99022	144.3551	-1537.64556	409.67422	1597.8189	0.07	-3.32966	1e-05	1.17328	3.53033	406.28896	14.67643	
89.0	20	9.59755	2.9305	-8.24052	375.04338	123.28045	-322.24825	509.60724	-1.08226	-32.86378	-13.83205	35.67247	0.07	-0.00124	-0.00041	0.00107	0.00169	345.90203	48.9562	
89.0	38	11.92679	2.92817	-4.21733	8054.59023	2170.99008	-2848.86759	8815.08187	-73.64025	-368.771	-489.22606	617.05516	0.07	-0.36468	-0.09829	0.12899	0.39912	397.82418	23.1147	
89.0	78	12.64706	2.90658	0.47153	102.61185	25.60217	3.85851	105.82793	-1.18007	5.4625	-4.86274	7.40795	0.07	-3e-05	-1e-05	-0.0	4e-05	396.58783	27.52188	
89.0	106	0.26547	-0.15288	-13.00418	0.00876	-2e-05	-0.44256	0.44265	0.00125	-0.03096	3e-05	0.03099	0.07	-0.0	0.0	0.0	0.0	74.57191	89.82841	
90.0	9	12.24989	-0.1836	-4.37277	22136.94505	-0.04323	-7901.43946	23504.83103	128.12018	-1600.60653	358.95466	1645.35847	0.07	-3.45155	1e-05	1.23198	3.66483	405.70955	16.63596	
90.0	38	11.9487	2.9261	-4.15637	7623.44036	2055.6763	-2654.60382	8330.04019	-58.77972	-364.6731	-451.19859	583.11379	0.07	-0.3562	-0.09605	0.12403	0.38921	398.39601	23.9824	
90.0	78	12.63581	2.92561	0.62177	338.04274	84.3859	16.69473	348.81598	-3.60545	17.69468	-16.4355	24.41775	0.07	-0.00053	-0.00013	-3e-05	0.00055	398.25268	27.37574	
90.0	106	0.26895	-0.20663	-13.00411	1.14634	-0.00085	-63.1122	63.12261	0.19227	-4.41461	0.00355	4.4188	0.07	-0.0	0.0	1e-05	1e-05	67.78669	90.51559	
91.0	9	12.22569	-0.18193	-4.43988	23543.2902	-0.04639	-8550.52859	25047.91514	107.39895	-1724.89472	295.72496	1753.35381	0.07	-3.63056	1e-05	1.31856	3.86258	404.62386	18.51975	
91.0	14	9.10739	2.9294	-8.7796	108.6443	37.6032	-104.59299	155.42612	-0.18551	-10.174	-3.85045	10.87983	0.07	-6e-05	-2e-05	6e-05	8e-05	327.93597	55.98873	
91.0	38	11.98886	2.92176	-4.04246	6132.45599	1650.79607	-2071.68071	6680.12014	-42.30606	-295.02343	-360.31787	467.60838	0.07	-0.28673	-0.07719	0.09686	0.31234	397.80844	24.76928	
91.0	78	12.62442	2.93658	0.77804	280.59926	70.09544	17.26075	289.73651	-2.72203	14.35929	-14.0621	20.28156	0.07	-0.00043	-0.00011	-3e-05	0.00045	397.96304	27.53057	
91.0	80	12.61073	2.9391	0.96608	0.53283	0.13324	0.04014	0.5507	-0.00509	0.02815	-0.02584	0.03855	0.07	-0.0	-0.0	-0.0	0.0	396.85033	28.51442	
92.0	9	12.20813	-0.18058	-4.48826	24424.69606	-0.0483	-8979.3454	26022.95951	91.41115	-1802.23928	248.65696	1821.60718	0.07	-3.7639	1e-05	1.38374	4.0102	403.77839	20.33699	
92.0	14	9.1111	2.90718	-8.78374	98.57815	34.12884	-94.95652	141.06441	-0.12949	-9.24818	-3.45837	9.87451	0.07	-0.0002	-7e-05	0.0002	0.00029	324.84169	57.34029	
92.0	55	12.04655	2.91579	-3.87198	5147.98461	1380.54729	-1659.4056	5582.22924	-31.41955	-245.90201	-302.05196	390.75615	0.07	-0.24127	-0.0647	0.07777	0.26162	398.20547	25.17922	
92.0	80	12.6098	2.95023	0.9418	396.02535	99.01926	29.72946	409.29785	-3.45312	19.90913	-20.31192	28.65085	0.07	-0.00067	-0.00017	-5e-05	0.00069	398.38457	27.68187	
92.0	83	12.59272	2.95865	1.12446	0.17159	0.04295	0.01519	0.17754	-0.00147	0.00891	-0.00854	0.01243	0.07	-0.0	-0.0	-0.0	0.0	397.30518	28.6517	
93.0	9	12.2114	-0.17951	-4.47926	25406.43532	-0.05026	-9318.49295	27061.43505	78.60581	-1880.36111	214.32519	1894.16791	0.07	-3.91345	1e-05	1.43536	4.16838	403.21699	21.52845	
93.0	14	9.04804	2.93954	-8.83712	5.89332	2.05434	-5.7571	8.49092	-0.00713	-0.55741	-0.2062	0.59437	0.07	-0.0	-0.0	0.0	0.0	321.08486	59.09085	
93.0	49	12.12779	2.91024	-3.61436	4648.99177	1239.0251	-1391.07015	5008.33145	-26.38998	-212.52095	-277.48823	350.51577	0.07	-0.21751	-0.05797	0.06508	0.23432	400.51323	25.07339	
94.0	9	12.20896	-0.17904	-4.48602	26515.83453	-0.05247	-9743.23207	28249.2487	55.8393	-1970.80738	151.97515	1977.44689	0.07	-4.08397	1e-05	1.50065	4.35095	402.14118	23.22882	
94.0	51	12.20538	2.90242	-3.35042	3409.27216	902.37556	-940.48838	3649.92283	-17.01679	-150.30693	-205.9017	255.49414	0.07	-0.15794	-0.0418	0.04357	0.16908	398.99431	25.4009	
94.0	86	12.58068	2.95402	1.26366	151.09179	37.86533	15.25926	156.50993	-1.00147	7.27311	-8.13179	10.95568	0.07	-0.00027	-7e-05	-3e-05	0.00028	397.95615	28.05407	
95.0	9	12.22024	-0.17911	-4.45486	27801.09014	-0.055	-10138.56045	29592.077	32.7095	-2069.24353	89.70442	2071.44529	0.07	-4.28305	1e-05	1.56195	4.55898	401.15997	24.53192	
95.0	65	12.29253	2.89474	-3.02291	2164.12066	567.9083	-535.03642	2300.47865	-9.74395	-88.98235	-133.86171	161.03342	0.07	-0.09869	-0.0259	0.0244	0.10491	399.1372	25.48998	
95.0	86	12.57179	2.92286	1.42029	138.04445	34.63393	15.54176	143.16887	-0.76572	6.46945	-7.61556	10.02182	0.07	-0.00027	-7e-05	-3e-05	0.00028	397.19372	28.16069	
96.0	9	12.23918	-0.17914	-4.40256	29181.83627	-0.05759	-10500.51983	31013.55325	4.88882	-2170.90112	13.59836	2170.94921	0.07	-4.49899	1e-05	1.61888	4.78139	400.2047	25.77538	
96.0	69	12.37549	2.88822	-2.67086	736.50993	191.56943	-159.77323	777.60736	-2.90595	-27.78891	-46.71474	54.43285	0.07	-0.0329	-0.00856	0.00714	0.03473	398.68966	25.73729	
96.0	84	12.55669	2.91014	1.57413	193.8843	48.71593	24.32505	201.38538	-0.80765	8.72741	-11.04106	14.09699	0.07	-0.00033	-8e-05	-4e-05	0.00034	395.55711	28.4417	
97.0	9	12.26869	-0.1799	-4.31939	30126.72084	-0.05913	-10608.40774	31939.90644	-15.10399	-2235.33204	-42.88122	2235.79432	0.07	-4.6493	1e-05	1.63714	4.92912	399.52761	28.15237	
98.0	9	12.27441	-0.1864	-4.30319	30127.55522	-0.05854	-10565.37879	31926.42812	-15.58161	-2234.36542	-44.41914	2234.86122	0.07	-4.65319	1e-05	1.63182	4.93103	398.43429	32.98555	
99.0	9	12.27431	-0.19827	-4.30345	30130.09996	-0.05763	-10568.785	31929.95678	-14.57316	-2234.65154	-41.53381	2235.08499	0.07	-4.65816	1e-05	1.63395	4.93642	397.07985	37.27781	
100.0	9	12.28169	-0.21418	-4.28265	30126.06702	-0.05623	-10509.01031	31906.41334	-13.31503	-2233.08259	-38.1581	2233.44827	0.07	-4.6615	1e-05	1.62609	4.93698	395.84616	40.81893	
101.0	9	12.28684	-0.23406	-4.26787	30121.52184	-0.0545	-10468.65605	31888.8513	-12.21842	-2231.91222	-35.14451	2232.22234	0.07	-4.664	1e-05	1.62096	4.93766	394.45222	44.01427	
101.0	102	8.34201	-0.268	9.97942	13.31083	0.0001	15.83019	20.68268	0.01659	1.44764	-0.01396	1.4478	0.07	-0.0	-0.0	-0.0	0.0	217.24478	51.77213	
102.0	9	12.28917	-0.25694	-4.26116	30119.74452	-0.05266	-10450.61666	31881.25466	-12.38399	-2231.36824	-35.68067	2231.68786	0.07	-4.66812	1e-05	1.61969	4.94113	392.78465	47.00834	
102.0	102	8.34763	-0.23329	9.97472	17.57339	-0.00046	20.94147	27.33805	0.033	1.91318	-0.02765	1.91367	0.07	-1e-05	0.0	-1e-05	2e-05	214.51674	48.06583	
103.0	9	12.30008	-0.28228	-4.22958	30155.14533	-0.05033	-10376.00834	31890.34868	-12.8215	-2231.97616	-37.2515	2232.32382	0.07	-4.67703	1e-05	1.60931	4.94616	391.26836	49.57059	
104.0	9	12.30755	-0.31032	-4.20798	30150.90338	-0.04821	-10317.27728	31867.27452	-12.18443	-2230.40511	-35.59698	2230.72243	0.07	-4.67953	1e-05	1.60128	4.94592	389.57365	52.11421	
105.0	9	12.31123	-0.34036	-4.19717	30157.63947	-0.04531	-10289.71571	31864.73706	-8.48758	-2230.39568	-24.86601	2230.55044	0.07	-4.68436	1e-05	1.59829	4.94952	387.67543	54.51105	
106.0	9	12.31874	-0.37248	-4.17491	30172.87742	-0.04276	-10233.54219	31861.07213	-10.63554	-2230.04083	-31.34882	2230.28652	0.07	-4.68856	1e-05	1.59019	4.95089	385.66485	56.73388	
106.0	105	0.47655	-0.43116	-12.9982	0.02705	0.0	-0.73143	0.73193	-0.00017	-0.05126	-1e-05	0.05126	0.07	-0.0	-0.0	0.0	0.0	66.24514	127.43536	
107.0	9	12.33019	-0.40657	-4.141	30173.89702	-0.03995	-10143.03996	31833.08532	-11.30198	-2228.03329	-33.61279	2228.31549	0.07	-4.69073	1e-05	1.5768	4.94866	383.6419	58.80252	
107.0	105	0.47912	-0.40506	-12.9981	1.48501	0.0	-40.14827	40.17573	-0.01483	-2.81226	-0.00055	2.8123	0.07	-0.0	-0.0	0.0	0.0	64.98553	129.19474	
108.0	9	12.33548	-0.44226	-4.12523	30200.45847	-0.03701	-10108.0026	31847.12559	-11.00995	-2229.03949	-32.88711	2229.30927	0.07	-4.69738	1e-05	1.5722	4.9535	381.39083	60.97349	
109.0	9	12.33866	-0.47993	-4.11565	30203.39089	-0.03371	-10084.967	31842.60323	-6.16542	-2228.84319	-18.45732	2228.92814	0.07	-4.69864	1e-05	1.56888	4.95364	378.98962	63.14636	
110.0	9	12.34986	-0.51923	-4.08193	30222.26148	-0.0306	-9999.77662	31833.63978	-8.6046	-2228.20366	-25.9988	2228.37194	0.07	-4.70387	0.0	1.55639	4.95467	376.44269	65.08831	
111.0	9	12.36096	-0.56006	-4.04797	30245.91197	-0.02716	-9915.86005	31829.85189	-9.24749	-2227.89907	-28.2011	2228.09674	0.07	-4.70816	0.0	1.54353	4.95472	373.95456	66.92365	
112.0	9	12.37007	-0.60264	-4.01997	30258.69367	-0.02359	-9845.35568	31820.11268	-9.89571	-2227.19018	-30.40812	2227.41973	0.07	-4.71022	0.0	1.53258	4.95327	371.25779	68.72438	
113.0	9	12.38326	-0.64648	-3.9794	30284.11984	-0.01992	-9743.53847	31812.96051	-13.21949	-2226.47973	-41.08325	2226.89797	0.07	-4.71534	0.0	1.5171	4.95338	368.63814	70.42957	
114.0	9	12.3837	-0.69189	-3.97805	30284.41924	-0.01603	-9742.23832	31812.84734	-3.95312	-2226.94731	-12.28489	2226.9847	0.07	-4.71569	0.0	1.517	4.95368	365.4443	72.31198	
115.0	9	12.39982	-0.7385	-3.92762	30322.90933	-0.01215	-9619.16572	31812.06028	-9.31649	-2226.63123	-29.36595	2226.84436	0.07	-4.72187	0.0	1.49789	4.95376	362.51264	73.77845	
116.0	9	12.41007	-0.78626	-3.89498	30340.12453	-0.00807	-9537.12835	31803.77295	-9.02794	-2226.05994	-28.71837	2226.26348	0.07	-4.72562	0.0	1.48545	4.95359	359.3219	75.33092	
117.0	9	12.42083	-0.83539	-3.86052	30361.15994	-0.00383	-9453.57589	31798.90139	-8.28194	-2225.74852	-26.59744	2225.92284	0.07	-4.72856	0.0	1.47233	4.95248	355.85773	76.75192	
118.0	9	12.43193	-0.88558	-3.82471	30394.87648	1e-05	-9367.69338	31805.69439	-8.4207	-2226.21202	-27.32221	2226.3956	0.07	-4.73406	-0.0	1.45904	4.9538	348.67819	78.11069	
119.0	9	12.44199	-0.93689	-3.79184	30424.85203	0.00454	-9289.01528	31811.27828	-8.18461	-2226.61437	-26.80862	2226.7908	0.07	-4.73832	-0.0	1.44666	4.95424	333.40206	79.32914	
119.0	102	8.13889	-0.90099	10.14584	4.76138	-0.00026	5.95928	7.62783	0.23159	0.44412	-0.18502	0.53395	0.07	-0.0	0.0	-0.0	0.0	194.52326	2.34386	
120.0	9	12.4541	-0.98917	-3.75196	30452.97401	0.00893	-9193.3097	31810.38461	-7.54528	-2226.57369	-24.99602	2226.72677	0.07	-4.74226	-0.0	1.43162	4.95365	331.57749	80.42292	
121.0	9	12.45749	-1.04227	-3.74066	30458.13731	0.01328	-9164.2493	31806.94254	-6.87762	-2226.35864	-22.86155	2226.48664	0.07	-4.74379	-0.0	1.42731	4.95386	328.47377	81.65384	
121.0	102	8.13199	-1.04044	10.15135	45.54899	-0.00241	57.00439	72.96719	2.22133	-4.24304	-1.77512	5.10771	0.07	-2e-05	0.0	-3e-05	4e-05	194.56614	1.75271	
122.0	9	12.47732	-1.09619	-3.67384	30594.20196	0.01773	-9026.40281	31897.9802	-7.55778	-2232.70009	-25.62082	2232.85988	0.07	-4.76414	-0.0	1.40559	4.96716	326.01073	82.61679	
123.0	9	12.48902	-1.15098	-3.6341	30665.29638	0.02223	-8941.83321	31942.39789	-7.56151	-2235.80219	-25.93713	2235.96542	0.07	-4.77446	-0.0	1.39221	4.9733	322.32479	83.8287	
124.0	9	12.50401	-1.20655	-3.58209	30701.21468	0.02673	-8813.07214	31941.11494	-9.18385	-2235.63268	-31.99962	2235.88055	0.07	-4.78023	-0.0	1.37221	4.97328	318.28527	84.59993	
125.0	9	12.51386	-1.26293	-3.54756	30721.19796	0.03149	-8728.61971	31937.13836	-6.21759	-2235.49655	-21.89145	2235.61238	0.07	-4.78231	-0.0	1.35877	4.9716	314.20224	85.21284	
125.0	76	1.34797	-1.27671	-12.93697	1.72919	0.00026	-17.09503	17.18226	-0.00564	-1.20294	-0.00059	1.20295	0.07	-0.0	-0.0	0.0	0.0	43.60402	140.36498	
126.0	9	12.52006	-1.31986	-3.52548	30486.63813	0.0359	-8604.86726	31677.73422	-2.70026	-2217.27319	-9.57615	2217.29551	0.07	-4.74416	-1e-05	1.33904	4.92951	310.97703	86.01276	
127.0	9	12.53701	-1.37725	-3.46482	29842.16899	0.03969	-8266.7437	30966.01526	-2.56515	-2167.46379	-9.27037	2167.48513	0.07	-4.64229	-1e-05	1.28598	4.81711	309.12515	86.38317	
128.0	9	12.54993	-1.43525	-3.41781	29419.61136	0.04364	-8032.30561	30496.41727	-6.00212	-2134.62942	-21.99532	2134.75118	0.07	-4.57379	-1e-05	1.24876	4.7412	304.90878	86.75618	
129.0	9	12.56338	-1.49368	-3.36782	29450.628	0.04817	-7915.45245	30495.80097	-6.04888	-2134.59099	-22.51874	2134.71834	0.07	-4.57519	-1e-05	1.22968	4.73756	300.16959	87.3107	
130.0	9	12.57802	-1.55237	-3.31241	29469.33316	0.05254	-7781.73799	30479.4528	-6.6923	-2133.48951	-25.35807	2133.6507	0.07	-4.57612	-1e-05	1.20838	4.73297	295.74157	87.86291	
130.0	76	1.69226	-1.55668	-12.89638	0.82365	7e-05	-6.30433	6.35791	-0.00333	-0.44486	-0.00044	0.44487	0.07	-0.0	-0.0	0.0	0.0	41.86256	139.35448	
131.0	9	12.58829	-1.61142	-3.27377	29498.27503	0.05745	-7693.00431	30484.92324	-5.44051	-2133.83387	-20.87719	2133.94294	0.07	-4.57592	-1e-05	1.19338	4.72897	290.7332	88.22942	
132.0	9	12.60099	-1.67066	-3.22436	29513.02314	0.06214	-7574.03701	30469.40386	-5.21225	-2132.75754	-20.32755	2132.86078	0.07	-4.57466	-1e-05	1.17401	4.7229	285.75128	88.40372	
133.0	9	12.60991	-1.72983	-3.18952	29522.30966	0.06677	-7490.20619	30457.67484	-4.94279	-2131.9441	-19.50079	2132.03901	0.07	-4.57339	-1e-05	1.16033	4.71829	281.07702	88.6652	
133.0	109	7.94031	-1.71891	10.30211	25.06991	0.00032	32.58862	41.11592	0.11147	-2.87469	-0.08572	2.87813	0.07	-1e-05	-0.0	-1e-05	1e-05	183.09489	19.44381	
134.0	9	12.62697	-1.78896	-3.12106	29568.29703	0.07158	-7330.27459	30463.37333	-5.31195	-2132.32285	-21.44776	2132.43732	0.07	-4.57729	-1e-05	1.13476	4.71585	276.33714	88.6393	
135.0	9	12.63912	-1.84805	-3.07149	29595.91315	0.0762	-7215.36622	30462.75734	-4.63835	-2132.30254	-19.04804	2132.39267	0.07	-4.57855	-1e-05	1.11623	4.71265	271.2046	88.59293	
136.0	9	12.65198	-1.90675	-3.01815	29610.43076	0.08086	-7086.94884	30446.71499	-4.56589	-2131.18025	-19.10136	2131.27074	0.07	-4.57751	-1e-05	1.09558	4.70679	266.67102	88.55873	
137.0	9	12.66459	-1.96512	-2.96478	29636.20192	0.08539	-6960.96844	30442.72567	-4.51151	-2130.899	-19.23382	2130.99058	0.07	-4.57841	-1e-05	1.07538	4.70301	261.82724	88.27259	
138.0	9	12.67741	-2.02308	-2.90943	29670.12229	0.08982	-6831.83135	30446.51173	-4.61785	-2131.1398	-20.08301	2131.23942	0.07	-4.58017	-1e-05	1.05463	4.70002	258.35178	88.00181	
139.0	9	12.68964	-2.07978	-2.85556	29705.60164	0.09429	-6708.12985	30453.60036	-4.30547	-2131.66367	-19.09586	2131.75355	0.07	-4.58262	-1e-05	1.03485	4.69801	263.02977	88.5985	
140.0	9	12.70055	-2.13242	-2.80661	29520.24735	0.09774	-6547.54866	30237.64867	-3.99064	-2116.55557	-18.02377	2116.63607	0.07	-4.55081	-2e-05	1.00936	4.66141	314.07368	93.46218	
140.0	109	7.76684	-2.10964	10.43349	13.95222	9e-05	18.77877	23.39458	0.14421	-1.62773	-0.10714	1.63761	0.07	-0.0	-0.0	-0.0	0.0	258.67289	9.31987	
141.0	9	12.71604	-2.18454	-2.73568	29016.71708	0.1	-6266.19315	29685.60336	-4.02785	-2077.89802	-18.68485	2077.98593	0.07	-4.46921	-2e-05	0.96513	4.57223	306.80833	92.70881	
142.0	9	12.72895	-2.23816	-2.67498	28339.84392	0.10155	-5979.29692	28963.74881	-3.72345	-2027.41477	-17.68232	2027.49529	0.07	-4.35935	-2e-05	0.91976	4.45532	299.2198	91.94491	
143.0	9	12.73698	-2.2919	-2.63631	28342.68466	0.10551	-5890.9594	28948.42269	-0.94707	-2026.08517	-4.59285	2026.0906	0.07	-4.35447	-2e-05	0.90507	4.44753	289.63154	90.57413	
144.0	9	12.75519	-2.3453	-2.54671	28354.72031	0.10928	-5684.64205	28918.94395	-3.69921	-2024.33657	-18.49039	2024.42439	0.07	-4.35206	-2e-05	0.87251	4.43866	280.12594	88.88732	
145.0	9	12.76773	-2.39816	-2.48314	28348.14075	0.11293	-5536.02968	28883.64085	-3.7938	-2021.72373	-19.46799	2021.82102	0.07	-4.34597	-2e-05	0.84871	4.42806	263.63336	87.21431	
146.0	9	12.77872	-2.45162	-2.42602	28343.59984	0.11666	-5407.48379	28854.81819	-4.3896	-2019.73251	-23.0519	2019.86882	0.07	-4.33905	-2e-05	0.82782	4.41732	230.10171	85.25351	
147.0	9	12.78765	-2.50788	-2.37863	28292.73011	0.12042	-5296.7247	28784.26427	-2.06764	-2015.00658	-11.09019	2015.03816	0.07	-4.32278	-2e-05	0.80927	4.39788	218.18912	84.51369	
148.0	9	12.79788	-2.56416	-2.32279	28233.77456	0.12403	-5166.63572	28702.61575	-1.37013	-2009.10636	-7.53548	2009.12096	0.07	-4.30313	-2e-05	0.78745	4.37458	216.36483	83.62248	
149.0	9	12.80633	-2.61954	-2.27543	28166.65723	0.12757	-5055.92192	28616.82942	2.32456	-2003.19829	12.89963	2003.24117	0.07	-4.28223	-2e-05	0.76866	4.35067	211.58557	82.57916	
150.0	9	12.81711	-2.67426	-2.21429	28015.47981	0.13063	-4900.36857	28440.82842	3.3808	-1990.75789	19.27503	1990.85407	0.07	-4.24787	-2e-05	0.74302	4.31236	206.1728	81.5256	
151.0	9	12.8272	-2.72819	-2.15509	27818.26917	0.13327	-4743.19822	28219.74537	4.90888	-1975.16425	28.73448	1975.37935	0.07	-4.20568	-2e-05	0.7171	4.26637	200.33838	80.15257	
152.0	9	12.83698	-2.78092	-2.09592	27685.30262	0.13603	-4597.34425	28064.41796	6.18628	-1964.15087	37.19581	1964.51277	0.07	-4.17281	-2e-05	0.69293	4.22996	195.70002	78.81873	
153.0	9	12.84757	-2.83248	-2.03018	27518.42736	0.13858	-4431.91991	27873.02923	7.18452	-1950.46383	44.54874	1950.98574	0.07	-4.13443	-2e-05	0.66586	4.18771	188.2412	77.30292	
154.0	9	12.85865	-2.88264	-1.95873	27340.67547	0.14095	-4252.65738	27669.43494	7.01815	-1936.37989	45.05606	1936.91672	0.07	-4.09466	-2e-05	0.6369	4.14389	180.22778	75.55297	
155.0	9	12.86723	-2.93157	-1.90137	27137.50289	0.14302	-4102.33587	27445.82341	7.96703	-1920.45969	52.636	1921.19739	0.07	-4.05051	-2e-05	0.61231	4.09653	173.54822	73.96855	
156.0	9	12.87821	-2.97896	-1.82538	26901.72164	0.14462	-3906.6507	27183.90235	6.35375	-1902.6254	43.68236	1903.13739	0.07	-4.00542	-2e-05	0.58166	4.04743	166.54699	72.14783	
156.0	52	3.34397	-2.99148	-12.56979	13.87448	0.00026	-52.42273	54.2277	0.0784	-3.7943	0.02073	3.79517	0.07	0.0	0.0	-0.0	-0.0	-7.29682	96.1439	
157.0	9	12.88587	-3.02496	-1.77103	26808.36735	0.14716	-3779.83298	27073.52392	8.00499	-1894.27504	56.70141	1895.14038	0.07	-3.97421	-2e-05	0.56034	4.01351	158.2365	70.1906	
158.0	9	12.89511	-3.06891	-1.70245	26835.9294	0.15008	-3638.6614	27081.48747	7.65945	-1894.85134	56.41194	1895.70635	0.07	-3.96539	-2e-05	0.53766	4.00168	150.90775	68.07371	
159.0	9	12.90376	-3.11097	-1.63545	26866.71933	0.15284	-3499.63993	27093.69091	7.23151	-1895.73183	55.43345	1896.55591	0.07	-3.9571	-2e-05	0.51545	3.99053	143.45188	66.0062	
160.0	9	12.91205	-3.15109	-1.56758	26889.14959	0.1554	-3356.3617	27097.81411	6.62985	-1896.09521	53.02659	1896.84813	0.07	-3.94789	-2e-05	0.49278	3.97853	135.66125	63.75715	
161.0	9	12.92027	-3.18918	-1.49927	26913.37986	0.15785	-3211.15659	27104.27166	5.9288	-1896.62915	49.59731	1897.2868	0.07	-3.93948	-2e-05	0.47004	3.96742	128.13585	61.60394	
162.0	9	12.92842	-3.22527	-1.42752	26935.05001	0.16016	-3057.25619	27108.0013	4.44885	-1897.11926	39.09591	1897.52728	0.07	-3.93115	-2e-05	0.4462	3.95639	120.89805	59.33746	
163.0	9	12.93533	-3.25952	-1.36305	26961.12119	0.16237	-2918.92273	27118.66822	4.37959	-1897.87077	40.34724	1898.30465	0.07	-3.92393	-2e-05	0.42482	3.94686	113.44243	57.12197	
164.0	9	12.94311	-3.29165	-1.28767	26978.64457	0.16431	-2754.75623	27118.92226	3.34874	-1898.02577	32.68262	1898.31009	0.07	-3.9162	-2e-05	0.39988	3.93656	105.80638	54.77533	
165.0	9	12.94983	-3.32181	-1.21778	26992.33555	0.16615	-2602.02797	27117.46168	2.47671	-1898.05073	25.57113	1898.22459	0.07	-3.90813	-2e-05	0.37674	3.92624	97.96445	52.38461	
166.0	9	12.95635	-3.34985	-1.14602	27005.84652	0.16786	-2444.76722	27116.27985	1.63724	-1898.05415	17.95528	1898.13979	0.07	-3.90088	-2e-05	0.35314	3.91683	90.49294	50.01556	
167.0	9	12.96255	-3.37588	-1.07429	27022.87748	0.16947	-2287.77184	27119.54659	0.87598	-1898.34381	10.20637	1898.37145	0.07	-3.89443	-2e-05	0.32971	3.90837	82.9124	47.55753	
168.0	9	12.96828	-3.39988	-1.00249	27037.83938	0.17094	-2130.35465	27121.63655	0.19746	-1898.51347	2.35375	1898.51494	0.07	-3.88857	-2e-05	0.30639	3.90062	75.26792	45.13408	
169.0	9	12.97366	-3.4218	-0.93066	27052.03106	0.1723	-1972.67776	27123.86112	-0.40406	-1898.66132	-5.7068	1898.66994	0.07	-3.8832	-2e-05	0.28317	3.89351	67.6449	42.61897	
169.0	17	7.93901	-3.37715	10.30312	0.89132	0.0	1.1564	1.46004	0.00085	-0.1022	-0.00066	0.1022	0.07	-0.0	-0.0	-0.0	0.0	101.91801	21.91198	
170.0	9	12.97854	-3.44165	-0.85963	27067.17256	0.17354	-1816.8874	27128.08342	-0.86514	-1898.92141	-13.0699	1898.96658	0.07	-3.87846	-2e-05	0.26034	3.88719	60.038	40.0264	
171.0	9	12.98327	-3.45926	-0.78412	27071.7975	0.17456	-1651.04425	27122.0974	-1.31188	-1898.42082	-21.71126	1898.54542	0.07	-3.87321	-2e-05	0.23622	3.88041	52.33401	37.42649	
172.0	9	12.98751	-3.47471	-0.71086	27086.25233	0.17548	-1491.23508	27127.27128	-1.58335	-1898.68513	-28.98288	1898.90698	0.07	-3.86973	-3e-05	0.21305	3.87559	44.70855	34.85194	
173.0	9	12.9914	-3.48799	-0.63658	27096.56126	0.17626	-1329.70383	27129.16778	-1.73852	-1898.70703	-35.67898	1899.04302	0.07	-3.86657	-3e-05	0.18974	3.87123	37.14489	32.2262	
174.0	9	12.99477	-3.49913	-0.56261	27106.86406	0.177	-1169.27497	27132.07112	-1.78971	-1898.78709	-41.77756	1899.24747	0.07	-3.86412	-3e-05	0.16668	3.86771	29.52494	29.59156	
175.0	9	12.99787	-3.50809	-0.4864	27114.72804	0.17761	-1004.51288	27133.32864	-1.75931	-1898.72413	-47.82454	1899.32714	0.07	-3.86207	-3e-05	0.14308	3.86472	21.7914	26.96321	
176.0	9	13.00048	-3.51492	-0.41062	27123.2926	0.17811	-841.627	27136.34716	-1.62231	-1898.80904	-52.68443	1899.54048	0.07	-3.86133	-3e-05	0.11982	3.86319	14.06791	24.29948	
177.0	9	13.00267	-3.51962	-0.33433	27132.85682	0.17836	-677.79105	27141.32127	-1.42185	-1899.02785	-57.41818	1899.89622	0.07	-3.86108	-3e-05	0.09645	3.86228	6.36391	21.61566	
178.0	9	13.00452	-3.52212	-0.25295	27139.92453	0.17841	-503.96161	27144.60316	-1.13086	-1899.12532	-61.57247	1900.12353	0.07	-2.33856	-2e-05	0.04342	2.33896	1.61682	19.06504	
179.0	8	13.00606	-3.52227	-0.15526	27141.91564	0.17846	-295.43855	27143.52351	-0.70806	-1898.8896	-66.19662	1900.04321	0.07	1.06923	1e-05	-0.01164	-1.06929	-0.70151	16.63269	
180.0	17	7.36419	-3.50021	10.72146	1.0548	0.0	1.53283	1.86069	0.01117	-0.12954	-0.00769	0.13025	0.07	-0.0	-0.0	-0.0	0.0	60.20459	7.26903	
180.0	95	13.00675	-3.5203	-0.05832	27146.7678	0.17834	-89.95796	27146.91685	-0.21866	-1899.0019	-69.75031	1900.28245	0.07	2.28029	1e-05	-0.00756	-2.28031	-1.56941	14.29543	
181.0	17	7.22254	-3.46621	10.81743	12.5638	-0.00031	18.96179	22.74639	0.18166	-1.57705	-0.12039	1.59204	0.07	-0.0	0.0	-0.0	0.0	59.48126	5.05138	
181.0	94	13.0068	-3.51603	0.07126	27140.26935	0.17802	184.87744	27140.89903	0.56016	-1898.16806	-80.40518	1899.87034	0.07	2.84795	2e-05	0.0194	-2.84802	-2.05006	11.92914	
182.0	17	6.93508	-3.4009	11.00384	5.74002	-0.00054	9.21823	10.85927	0.36356	-0.62799	-0.22642	0.76014	0.07	-0.0	0.0	-0.0	0.0	60.11804	2.71092	
182.0	93	13.00222	-3.50797	0.35066	27144.42747	0.17709	776.61439	27155.53484	2.47003	-1898.94553	-85.89995	1900.88901	0.07	2.62244	2e-05	0.07503	-2.62351	-1.83655	9.29464	
183.0	17	6.7673	-3.49139	11.10786	14.61359	0.00014	24.07563	28.16369	0.64781	1.81999	-0.39322	1.97146	0.07	-0.0	-0.0	-0.0	0.0	62.58909	0.97003	
183.0	93	12.99736	-3.49879	0.49955	27137.59659	0.17702	1091.5659	27159.54095	3.4462	-1899.24854	-85.36846	1901.16929	0.07	3.09867	2e-05	0.12464	-3.10118	-2.27052	6.45436	
184.0	5	12.99346	-3.48798	0.59259	27153.11673	0.1764	1289.85479	27183.73546	4.25713	-1900.75823	-89.35813	1902.86228	0.07	3.88385	3e-05	0.18449	-3.88823	-22.30821	3.55402	
185.0	5	12.99087	-3.47531	0.64668	27122.26145	0.17549	1401.56067	27158.45059	4.57528	-1899.01307	-88.30054	1901.07037	0.07	3.88069	3e-05	0.20054	-3.88587	-39.75853	0.86923	
185.0	17	6.64429	-3.45814	11.18181	29.36388	0.00213	49.3726	57.44468	0.48262	-3.98161	-0.28686	4.021	0.07	-1e-05	-0.0	-2e-05	2e-05	40.27509	0.80661	
186.0	5	12.98717	-3.46096	0.71738	27338.21228	0.17639	1563.01188	27382.85699	5.16196	-737.99474	-90.2032	743.50487	0.02715	3.91442	3e-05	0.2238	-3.92081	-45.49888	0.02648	
187.0	5	12.98543	-3.44753	0.748	27644.46511	0.1776	1645.35525	27693.38631	5.41437	1200.31735	-91.09924	1203.78159	0.04347	3.9597	3e-05	0.23568	-3.96671	-51.53102	0.0443	
188.0	5	12.98325	-3.43378	0.78459	27724.20802	0.17732	1727.73916	27777.99116	5.6018	1942.36243	-90.08872	1944.45857	0.07	3.97368	3e-05	0.24763	-3.98138	-58.29382	2.26619	
188.0	17	6.48183	-3.41545	11.27684	31.73252	4e-05	55.25504	63.71869	0.44188	-4.4311	-0.25376	4.4603	0.07	-0.0	-0.0	-1e-05	1e-05	25.60365	1.75096	
189.0	5	12.978	-3.41666	0.86784	27722.70388	0.1763	1906.78907	27788.20173	6.07669	1943.15379	-88.52841	1945.17888	0.07	3.97882	3e-05	0.27367	-3.98822	-64.83669	5.3906	
189.0	17	6.33357	-3.39042	11.36078	25.2287	0.00045	45.16997	51.73793	2.26398	2.52821	-1.26452	3.62167	0.07	-0.0	-0.0	-0.0	0.0	23.59786	0.44134	
190.0	5	12.97171	-3.39665	0.95718	27747.05595	0.1754	2100.20736	27826.42602	6.41156	1945.99626	-84.86938	1947.8566	0.07	3.98792	3e-05	0.30185	-3.99933	-70.95874	8.42853	
191.0	5	12.96479	-3.37404	1.04642	27737.25399	0.174	2290.98308	27831.70606	7.44744	1946.11161	-90.315	1948.22038	0.07	3.99277	3e-05	0.32979	-4.00636	-78.54263	11.3392	
192.0	5	12.95934	-3.34926	1.11173	27731.81524	0.17248	2430.47844	27838.11779	6.5076	1947.25289	-74.39	1948.68418	0.07	3.99729	2e-05	0.35033	-4.01262	-86.01387	14.13633	
193.0	5	12.95228	-3.32198	1.19117	27724.81442	0.17096	2599.77062	27846.43859	8.25921	1947.2337	-88.20701	1949.248	0.07	4.00297	2e-05	0.37536	-4.02053	-99.3431	16.85295	
194.0	5	12.94614	-3.29273	1.25678	27715.06428	0.16913	2738.96983	27850.07619	8.5048	1947.58848	-86.17859	1949.51276	0.07	4.00813	2e-05	0.39611	-4.02765	-109.04106	19.4465	
195.0	5	12.93922	-3.26136	1.32624	27705.43466	0.16708	2886.64211	27855.40903	8.84214	1948.00535	-84.97788	1949.87801	0.07	4.01397	2e-05	0.41822	-4.0357	-117.56996	21.94395	
195.0	17	5.63653	-3.27333	11.72223	1.24698	0.0	2.60589	2.88888	0.0324	0.19901	-0.0155	0.20222	0.07	0.0	0.0	0.0	-0.0	-0.78098	6.96656	
196.0	5	12.93216	-3.22804	1.39313	27697.14917	0.165	3028.86915	27862.27055	9.02604	1948.58531	-82.64371	1950.35796	0.07	4.0203	2e-05	0.43965	-4.04427	-125.43553	24.36461	
197.0	5	12.92597	-3.1929	1.44947	27687.19489	0.16273	3147.94975	27865.57641	8.2154	1949.21604	-72.35775	1950.57589	0.07	4.02567	2e-05	0.45771	-4.0516	-132.83157	26.74165	
198.0	5	12.91807	-3.15567	1.51822	27670.47445	0.16033	3292.99611	27865.73128	9.41447	1948.97066	-79.20304	1950.60206	0.07	4.03166	2e-05	0.4798	-4.06011	-140.04138	29.06227	
198.0	17	5.30671	-3.1365	11.87509	8.38328	0.0002	18.80169	20.58599	0.18423	1.42683	-0.08216	1.44102	0.07	0.0	0.0	0.0	-0.0	-11.3985	9.5824	
199.0	5	12.90945	-3.11659	1.5895	27440.67191	0.15663	3417.4155	27652.65274	9.36637	1934.19881	-75.29736	1935.68656	0.07	4.00652	2e-05	0.49897	-4.03747	-147.19703	31.28488	
200.0	5	12.90104	-3.07551	1.65677	27434.45563	0.15387	3559.39931	27664.39371	9.4283	1935.11702	-72.75331	1936.50712	0.07	4.01293	2e-05	0.52065	-4.04657	-153.87845	34.20128	
201.0	5	12.89531	-3.03234	1.7008	27734.51867	0.15271	3692.02703	27979.18136	9.52793	1957.20977	-71.65478	1958.54417	0.07	4.06518	2e-05	0.54116	-4.10105	-160.58277	36.21605	
201.0	40	4.94729	-3.01522	12.02936	21.28655	-0.00057	52.24637	56.41631	0.40168	3.92526	-0.16361	3.94915	0.07	0.0	-0.0	0.0	-0.0	-18.26336	12.6964	
202.0	5	12.88324	-2.98707	1.78942	28052.66423	0.15177	3927.55879	28326.27206	10.87433	1981.31421	-77.74666	1982.86883	0.07	4.12112	2e-05	0.57698	-4.16131	-166.61395	38.00259	
203.0	5	12.87471	-2.94054	1.85035	28041.72306	0.14857	4059.12424	28333.98528	9.8159	1982.19551	-67.8839	1983.38186	0.07	4.12843	2e-05	0.5976	-4.17146	-173.48833	39.84876	
203.0	40	4.62888	-2.93026	12.15534	8.28608	-0.00136	22.11699	23.61822	0.18183	1.64184	-0.06802	1.65328	0.07	0.0	-0.0	0.0	-0.0	-21.2046	13.77272	
204.0	5	12.87278	-2.89292	1.86365	27997.29231	0.14501	4078.89849	28292.85757	9.25431	1979.45323	-63.59138	1980.49604	0.07	4.12949	2e-05	0.60162	-4.17309	-180.2358	41.71966	
204.0	40	4.63165	-2.89546	12.15431	45.36455	-0.00461	120.70653	128.94964	0.88098	8.97723	-0.33075	9.02642	0.07	1e-05	-0.0	2e-05	-2e-05	-25.73418	14.17801	
205.0	5	12.85353	-2.84301	1.99177	28047.46887	0.14245	4369.84992	28385.84327	10.83868	1985.84148	-69.63181	1987.09145	0.07	4.14793	2e-05	0.64626	-4.19797	-186.38892	43.18428	
206.0	5	12.84904	-2.79247	2.02051	28053.34851	0.13905	4430.41052	28401.03696	9.05044	1987.22149	-57.36976	1988.07004	0.07	4.15619	2e-05	0.65638	-4.20771	-192.76355	44.81683	
206.0	40	4.32991	-2.71967	12.26507	19.34384	-0.0014	55.39192	58.67239	0.32937	4.09222	-0.11492	4.10706	0.07	0.0	-0.0	0.0	-0.0	-29.31817	14.70357	
207.0	5	12.834	-2.7405	2.11408	28109.57771	0.13621	4645.53007	28490.8636	9.27312	1993.57386	-56.16907	1994.38654	0.07	4.17405	2e-05	0.68982	-4.23067	-198.89467	45.85698	
208.0	5	12.8237	-2.68783	2.17568	28153.76195	0.13276	4788.16285	28558.02541	9.38567	1998.43325	-55.2419	1999.21865	0.07	4.1891	2e-05	0.71245	-4.24925	-205.12928	47.23225	
209.0	5	12.81288	-2.63412	2.23873	28217.44585	0.12928	4937.73493	28646.21226	7.87841	2004.73212	-45.07489	2005.25427	0.07	4.20688	2e-05	0.73616	-4.2708	-211.15257	48.48374	
210.0	5	12.80072	-2.57949	2.30721	28361.24911	0.12611	5116.67616	28819.10523	8.81851	2016.73833	-48.92984	2017.35109	0.07	4.23628	2e-05	0.76427	-4.30467	-217.26212	49.64968	
211.0	5	12.79676	-2.52423	2.32911	28523.91123	0.12274	5192.45512	28992.67325	7.28137	2029.07779	-40.04697	2029.48601	0.07	4.26792	2e-05	0.77693	-4.33806	-223.7476	50.88261	
211.0	29	3.68735	-2.5145	12.47334	26.93245	0.00124	91.41705	95.3018	0.51461	6.64951	-0.1517	6.67112	0.07	0.0	0.0	1e-05	-1e-05	-40.14026	14.03829	
212.0	5	12.78129	-2.46798	2.41227	28687.57226	0.11921	5413.523	29193.88692	5.13039	2043.47479	-27.23216	2043.66267	0.07	4.30085	2e-05	0.8116	-4.37676	-229.98255	51.8025	
213.0	5	12.76547	-2.41116	2.49429	28823.37264	0.11589	5630.17877	29368.10724	7.01154	2055.45152	-35.93745	2055.77762	0.07	4.3281	2e-05	0.84542	-4.40989	-236.84325	52.63622	
214.0	5	12.75217	-2.35406	2.56173	28988.80035	0.11236	5821.87477	29567.63047	10.61571	2069.05047	-52.8986	2069.7538	0.07	4.35845	2e-05	0.87532	-4.44548	-244.16051	53.45116	
215.0	5	12.74322	-2.29651	2.60622	29162.33914	0.10853	5962.26581	29765.59486	8.17717	2083.27548	-40.0337	2083.67615	0.07	4.3898	2e-05	0.8975	-4.4806	-250.92313	54.22413	
215.0	29	3.20669	-2.2605	12.60546	6.43641	0.00025	25.28949	26.09571	0.15659	1.81975	-0.03987	1.82691	0.07	0.0	0.0	0.0	-0.0	-48.92741	11.60672	
216.0	5	12.72791	-2.23833	2.67995	29361.95148	0.10512	6180.43002	30005.36468	11.59542	2099.80842	-55.12317	2100.56383	0.07	4.42547	2e-05	0.93152	-4.52245	-257.1577	54.81919	
217.0	5	12.71711	-2.17976	2.7305	29486.07057	0.10109	6328.31498	30157.5186	9.65577	2110.37576	-45.02366	2110.87807	0.07	4.44909	2e-05	0.95487	-4.5504	-263.6193	55.46168	
218.0	5	12.70493	-2.12075	2.78656	29457.34141	0.09661	6460.12842	30157.39083	8.77719	2110.6175	-40.05441	2111.01578	0.07	4.45077	1e-05	0.97608	-4.55655	-269.82341	56.05601	
219.0	5	12.7042	-2.06141	2.78995	29393.94954	0.09183	6453.37226	30094.02405	8.42594	2106.21237	-38.4086	2106.5794	0.07	4.44712	1e-05	0.97635	-4.55303	-275.64265	56.7614	
219.0	29	2.88811	-2.03421	12.68224	29.41273	-0.00561	130.90931	134.17286	1.10725	9.32326	-0.24838	9.39206	0.07	1e-05	-0.0	2e-05	-2e-05	-57.62269	8.71842	
220.0	5	12.6775	-2.00141	2.90903	29394.3417	0.08744	6743.42345	30157.93567	9.04135	2110.70353	-39.4383	2111.09131	0.07	4.45273	1e-05	1.02151	-4.5684	-280.8016	56.89663	
221.0	5	12.66852	-1.94133	2.94784	29374.5132	0.08294	6834.4081	30159.09746	2.42751	2111.10759	-10.45915	2111.1349	0.07	4.455	1e-05	1.03652	-4.574	-284.52249	57.32412	
222.0	5	12.65989	-1.88102	2.98479	29346.72241	0.07819	6918.55721	30151.228	-9.54927	2110.1798	40.48165	2110.58966	0.07	4.45603	1e-05	1.05052	-4.57818	-290.61923	57.6098	
222.0	29	2.56129	-1.82868	12.7522	7.03585	-0.00137	35.63155	36.31956	-0.45374	2.4999	0.08969	2.54233	0.07	0.0	-0.0	0.0	-0.0	-60.44736	6.44291	
223.0	5	12.66093	-1.82062	2.98041	29291.14287	0.07329	6893.64015	30091.41614	-9.25512	2106.01238	39.3027	2106.39942	0.07	4.45243	1e-05	1.04788	-4.57408	-297.00935	58.03731	
223.0	29	2.56175	-1.81422	12.75211	36.268	-0.00631	183.48856	187.03855	-2.47633	12.84703	0.48991	13.09269	0.07	1e-05	-0.0	3e-05	-3e-05	-64.46124	5.33354	
224.0	5	12.63204	-1.75993	3.10044	29299.72096	0.06892	7189.77778	30168.96672	-9.75701	2111.45927	39.74144	2111.85578	0.07	4.45904	1e-05	1.09419	-4.59132	-299.70365	57.803	
225.0	5	12.61675	-1.69943	3.16219	29272.43101	0.06437	7335.89805	30177.65096	-10.71591	2111.96138	42.74116	2112.42101	0.07	4.45983	1e-05	1.11767	-4.59775	-306.35141	57.63867	
226.0	5	12.60903	-1.63905	3.193	29239.71869	0.05969	7403.79741	30162.51589	-10.10158	2110.97463	39.87703	2111.37541	0.07	4.46007	1e-05	1.12934	-4.60083	-310.81359	57.60506	
226.0	119	2.23006	-1.62499	12.81433	6.99593	0.00067	40.59289	41.19133	-1.34545	2.53968	0.23184	2.88339	0.07	0.0	0.0	0.0	-0.0	-66.63682	2.24609	
227.0	5	12.60241	-1.57883	3.21883	29204.62463	0.0549	7457.01127	30141.61769	-9.37286	2109.57381	36.69233	2109.91371	0.07	4.45956	1e-05	1.13869	-4.60264	-315.02155	57.49754	
227.0	119	2.2356	-1.55735	12.81337	19.72814	0.00188	115.00081	116.6807	-5.86754	5.59192	1.00647	8.16765	0.07	1e-05	0.0	6e-05	-7e-05	-69.40365	1.37817	
228.0	5	12.57415	-1.51883	3.32739	29188.41411	0.05025	7722.7688	30192.79179	-9.28388	2113.36429	35.07492	2113.67573	0.07	4.46217	1e-05	1.18062	-4.61572	-319.88479	56.81469	
229.0	5	12.56422	-1.4595	3.36468	29163.79186	0.04563	7808.88036	30191.14718	-11.74132	2112.81741	43.83793	2113.30476	0.07	4.46269	1e-05	1.19493	-4.6199	-325.30295	56.36487	
230.0	5	12.55641	-1.40075	3.39385	29142.04413	0.04092	7874.67229	30187.23571	-13.43667	2112.36334	49.71451	2112.991	0.07	4.46392	1e-05	1.20623	-4.62402	-329.76105	55.93175	
231.0	5	12.53951	-1.34276	3.45572	29103.47524	0.0365	8020.19903	30188.33986	-11.23766	2112.75656	40.7693	2113.17976	0.07	4.46261	1e-05	1.22979	-4.62896	-334.85124	55.14698	
231.0	110	8.18742	-1.39893	-10.10681	3.4885	2e-05	-4.31248	5.54681	0.00182	0.38826	0.00148	0.38827	0.07	0.0	0.0	-0.0	-0.0	-190.50221	133.22218	
232.0	5	12.53031	-1.28559	3.489	29086.12311	0.03197	8097.93892	30192.36944	-11.00987	2113.046	39.53685	2113.44453	0.07	4.46468	0.0	1.24302	-4.63448	-339.27636	54.51619	
233.0	5	12.51532	-1.22906	3.54233	29056.53981	0.02739	8223.6124	30197.85269	-11.37511	2113.4339	40.18472	2113.8465	0.07	4.4641	0.0	1.26343	-4.63944	-343.09629	53.66842	
234.0	5	12.50209	-1.17351	3.5888	28999.91078	0.02306	8323.66642	30170.81783	-11.77736	2111.52643	41.02684	2111.95781	0.07	4.45954	0.0	1.27999	-4.6396	-346.82526	52.72393	
234.0	110	8.19958	-1.23031	-10.09695	28.22122	-8e-05	-34.7579	44.77219	0.01607	3.13399	0.01304	3.13406	0.07	1e-05	-0.0	-1e-05	-1e-05	-190.30589	133.34648	
234.0	112	1.56307	-1.14659	12.9127	2.87676	5e-05	24.06892	24.24023	-0.15061	-1.69003	0.018	1.69682	0.07	0.0	0.0	0.0	-0.0	-80.02011	11.63165	
235.0	5	12.49545	-1.11881	3.61195	29001.74987	0.01887	8381.19642	30188.5069	-12.14444	2112.73635	42.01906	2113.18905	0.07	4.4645	0.0	1.29019	-4.64719	-350.45861	51.88961	
235.0	112	1.56587	-1.12626	12.91236	4.03052	7e-05	33.71375	33.95382	-0.16529	-2.37091	0.01977	2.37675	0.07	0.0	0.0	1e-05	-1e-05	-82.9147	13.29764	
236.0	5	12.47995	-1.065	3.66492	28983.10719	0.01457	8509.57295	30206.51145	-12.865	2113.94684	43.81382	2114.43998	0.07	4.46537	0.0	1.31105	-4.65386	-354.28959	50.7572	
237.0	5	12.4739	-1.01249	3.68558	28944.88866	0.01046	8550.1748	30181.31986	-12.391	2112.23985	41.94463	2112.69262	0.07	4.46305	0.0	1.31836	-4.6537	-357.23811	49.7617	
237.0	112	1.40693	-1.01439	12.93063	5.65793	0.0	51.95995	52.26709	-0.19492	-3.65344	0.02123	3.6587	0.07	0.0	0.0	1e-05	-1e-05	-85.34	17.17149	
238.0	5	12.45732	-0.96099	3.74122	28924.93238	0.00634	8685.69924	30200.87887	-15.89773	2113.30208	52.94075	2114.02487	0.07	4.46422	0.0	1.34053	-4.66114	-360.87588	48.43302	
239.0	5	12.44767	-0.91052	3.77325	28885.98089	0.00235	8753.98314	30183.30852	-12.64768	2112.3797	41.73366	2112.82977	0.07	4.46244	0.0	1.35236	-4.66285	-363.80067	47.17376	
240.0	5	12.43766	-0.86139	3.80599	28847.98166	-0.00136	8824.63223	30167.5352	-13.09255	2111.2567	42.80026	2111.73108	0.07	4.4604	-0.0	1.36444	-4.66442	-366.51553	45.84087	
240.0	112	1.24226	-0.84295	12.94753	2.77987	0.00026	28.85578	28.98938	-0.08198	-2.02759	0.00792	2.02926	0.07	0.0	0.0	3e-05	-3e-05	-89.09058	23.26841	
241.0	5	12.42591	-0.81326	3.84427	28793.54291	-0.00513	8906.02867	30139.43364	-13.17072	2109.27489	42.58269	2109.7458	0.07	4.45524	-0.0	1.37804	-4.66349	-369.36205	44.36929	
241.0	112	1.05794	-0.77039	12.96379	0.56	-0.00033	7.05599	7.07818	-0.01993	-0.49506	0.00156	0.49546	0.07	0.0	-0.0	0.0	-0.0	-85.08902	25.54586	
242.0	5	12.42143	-0.76643	3.85859	28691.78664	-0.00879	8910.51269	30043.56599	-12.97353	2102.59443	41.77674	2103.04944	0.07	4.44279	-0.0	1.37975	-4.65211	-371.88654	42.99095	
242.0	112	1.05932	-0.78044	12.96368	5.2547	-0.00306	66.20919	66.41738	-0.12466	-4.64753	0.00968	4.64921	0.07	0.0	-0.0	1e-05	-1e-05	-86.87589	27.48602	
243.0	5	12.40327	-0.72098	3.91678	28620.74092	-0.01258	9036.53556	30013.42676	-9.11238	2100.6917	28.86389	2100.90975	0.07	4.43483	-0.0	1.40023	-4.65063	-375.27685	41.32968	
244.0	5	12.39151	-0.67661	3.95368	28593.07369	-0.01599	9120.92165	30012.58194	-12.29141	2100.45932	38.53589	2100.84874	0.07	4.43364	-0.0	1.41429	-4.65375	-377.61288	39.67782	
245.0	5	12.38545	-0.63384	3.97258	28557.56982	-0.01942	9157.01103	29989.759	-13.92862	2098.80277	43.44304	2099.29854	0.07	4.4314	-0.0	1.42093	-4.65364	-379.80939	38.01888	
245.0	107	0.8962	-0.57301	12.97607	1.29029	5e-05	19.11113	19.15464	-0.04353	-1.34017	0.00294	1.34088	0.07	0.0	0.0	0.0	-0.0	-88.1315	34.09375	
245.0	110	8.23506	-0.63334	-10.06801	12.11694	-0.0	-14.76616	19.1013	0.00855	1.33707	0.00701	1.33712	0.07	0.0	-0.0	-0.0	-0.0	-191.73175	126.29232	
246.0	5	12.37612	-0.59236	4.0016	29027.37596	-0.023	9383.34545	30506.32274	-16.2919	2134.79158	50.40422	2135.44869	0.07	4.5067	-0.0	1.45683	-4.73632	-381.99822	36.26117	
247.0	5	12.36712	-0.55218	4.02936	30313.90362	-0.02747	9874.55863	31881.65085	-13.93768	2231.23255	42.79349	2231.68641	0.07	4.71095	-0.0	1.53456	-4.95459	-383.85718	34.37323	
248.0	5	12.37102	-0.51346	4.01733	31128.32158	-0.03163	10106.31034	32727.81559	-14.66977	2290.44712	45.19136	2290.93986	0.07	4.8432	-0.0	1.57242	-5.09206	-385.51572	32.74346	
248.0	107	0.73193	-0.49593	12.98626	6.50737	-0.00363	116.47202	116.65366	-0.13486	-8.16457	0.00728	8.16569	0.07	0.0	-0.0	3e-05	-3e-05	-86.05972	40.56076	
249.0	5	12.36288	-0.47629	4.04242	31100.44704	-0.03498	10166.27032	32719.88475	-14.96169	2289.88467	45.77836	2290.39108	0.07	4.84446	-1e-05	1.58358	-5.09672	-388.30335	30.72882	
249.0	107	0.73598	-0.47398	12.98604	6.67356	-0.0038	119.52751	119.71367	-0.09386	-8.37943	0.00497	8.37996	0.07	1e-05	-0.0	0.00013	-0.00013	-88.3928	43.2038	
250.0	5	12.3365	-0.44101	4.12223	31060.91323	-0.03828	10376.42286	32748.28976	-9.63086	2292.21957	28.83758	2292.42119	0.07	4.84565	-1e-05	1.61877	-5.10889	-391.19444	28.21206	
250.0	104	0.55353	-0.41092	12.99515	0.65208	-2e-05	15.24195	15.25589	-0.00977	-1.0676	0.00042	1.06765	0.07	0.0	-0.0	0.0	-0.0	-85.88842	46.32121	
251.0	5	12.334	-0.40742	4.12978	31063.76617	-0.0413	10398.01939	32757.84449	-15.37187	2292.53855	45.93211	2293.05017	0.07	4.85085	-1e-05	1.62373	-5.1154	-393.33064	26.30369	
251.0	104	0.55545	-0.43621	12.99507	0.16583	-0.0	3.8766	3.88015	-0.00171	-0.27161	7e-05	0.27161	0.07	0.0	-0.0	0.0	-0.0	-87.08459	48.69758	
252.0	5	12.32203	-0.37557	4.16514	31008.74072	-0.04407	10478.53054	32731.35505	-14.75253	2290.69465	43.66626	2291.1583	0.07	4.84789	-1e-05	1.63821	-5.11721	-395.09342	24.07005	
252.0	110	8.24605	-0.36968	-10.05898	29.73045	0.0	-36.23066	46.86747	0.02379	3.2804	0.01952	3.28055	0.07	0.0	0.0	-0.0	-0.0	-194.03764	116.54833	
253.0	5	12.32091	-0.34531	4.16842	31019.15625	-0.04689	10492.4514	32745.6805	-19.28215	2291.37466	57.01466	2292.16498	0.07	4.85464	-1e-05	1.64212	-5.12485	-397.11349	22.0234	
254.0	5	12.31162	-0.31693	4.19595	31001.1452	-0.04924	10562.33177	32751.08939	-12.8046	2292.22173	37.59304	2292.56573	0.07	4.85635	-1e-05	1.6546	-5.13048	-398.45541	19.69409	
255.0	5	12.30484	-0.29044	4.21583	30984.46213	-0.05164	10611.35017	32751.14724	-17.34616	2291.95312	50.66083	2292.57857	0.07	4.85854	-1e-05	1.66392	-5.13556	-400.00966	17.40376	
256.0	5	12.30506	-0.26549	4.21518	30977.88198	-0.05382	10609.1844	32744.22034	-19.17935	2291.31961	56.01363	2292.0844	0.07	4.86205	-1e-05	1.66514	-5.13929	-401.47467	15.19204	
257.0	5	12.29135	-0.24259	4.25483	30946.25888	-0.05582	10710.71396	32747.37138	-11.09815	2292.06102	32.07762	2292.31234	0.07	4.86226	-1e-05	1.68286	-5.14525	-402.44131	12.64129	
257.0	110	8.26464	-0.2035	-10.04369	1.06929	0.0	-1.29866	1.68223	0.00098	0.11775	0.00081	0.11775	0.07	0.0	0.0	-0.0	-0.0	-197.44135	107.37153	
258.0	5	12.28846	-0.22152	4.2631	30945.18874	-0.05768	10732.12291	32753.36881	-13.72258	2292.35712	39.58024	2292.73987	0.07	4.86532	-1e-05	1.68735	-5.14961	-403.40931	10.3133	
259.0	5	12.32013	-0.20512	4.17071	27642.37534	-0.05289	9354.33306	29182.26279	59.36758	1722.20174	-175.42349	1732.13069	0.05936	4.34933	-1e-05	1.47184	-4.59162	-415.19524	0.0662	
259.0	108	12.14311	2.9351	3.54057	4.0835	1.06017	1.18494	4.38212	-0.09665	0.05214	0.28642	0.30675	0.07	0.0	0.0	0.0	-0.0	-402.38608	23.09193	
259.0	113	12.09048	2.94431	3.70834	16.52473	4.31151	5.09702	17.82233	-0.39926	0.14327	1.17323	1.24756	0.07	0.0	0.0	0.0	-0.0	-402.46383	22.96791	
259.0	114	12.03626	2.95291	3.87373	11.36537	2.97625	3.65396	12.3037	-0.27547	0.05216	0.81435	0.86126	0.07	0.0	0.0	0.0	-0.0	-402.45115	22.91323	
259.0	117	11.98127	2.95007	4.04285	104.85359	27.60152	35.52813	114.09806	-2.57067	0.03216	7.56178	7.98686	0.07	8e-05	2e-05	3e-05	-9e-05	-402.34404	22.84312	
259.0	120	11.91957	2.97402	4.20345	1.51647	0.40105	0.53601	1.65766	-0.03726	-0.00579	0.10974	0.11604	0.07	0.0	0.0	0.0	-0.0	-402.17734	23.03821	
259.0	122	11.38901	2.92688	5.50746	68.6584	19.01181	33.1637	78.5828	-1.57241	-2.45677	4.66374	5.50079	0.07	1e-05	0.0	0.0	-1e-05	-398.06446	25.28312	
260.0	5	12.31688	-0.20391	4.18037	25573.50007	-0.04901	8677.84926	27005.72113	104.56433	1077.68386	-308.14354	1125.73916	0.04169	4.02186	-1e-05	1.36474	-4.2471	-406.97547	0.04221	
260.0	103	12.23527	2.919	3.22338	67.08123	17.29707	17.66147	71.49131	-1.55195	1.36509	4.55763	5.00439	0.07	2e-05	1e-05	1e-05	-2e-05	-394.45701	23.05998	
260.0	108	12.13783	2.93228	3.56098	415.71347	108.03503	122.09201	446.53747	-9.93094	5.24873	29.16962	31.25763	0.07	0.00067	0.00017	0.0002	-0.00072	-394.9452	22.59683	
260.0	113	12.08774	2.93116	3.72835	326.42551	85.17016	100.71283	352.06625	-7.88466	2.80919	23.17971	24.64464	0.07	0.00057	0.00015	0.00018	-0.00062	-395.0704	22.41192	
260.0	114	12.03702	2.91776	3.89988	212.61214	55.73345	69.02405	230.37895	-5.19151	0.93081	15.23964	16.12652	0.07	0.00049	0.00013	0.00016	-0.00053	-395.12029	22.20563	
260.0	117	11.98142	2.92103	4.06489	507.87256	133.71985	172.36615	552.74373	-12.4545	0.08274	36.63268	38.69205	0.07	0.00138	0.00036	0.00047	-0.0015	-395.09288	22.18994	
260.0	120	11.92186	2.91698	4.23957	112.08512	29.67024	39.98131	122.64543	-2.76422	-0.49033	8.11319	8.58518	0.07	0.00032	9e-05	0.00012	-0.00035	-394.97348	22.19485	
260.0	122	11.80748	2.90511	4.55657	272.65751	72.86227	105.08283	301.1535	-6.67241	-3.44083	19.69865	21.08073	0.07	0.00071	0.00019	0.00027	-0.00078	-394.57327	22.37194	
260.0	123	11.2214	2.9358	5.83649	58.37956	16.4079	30.36828	67.82053	-1.30121	-2.47324	3.83771	4.74743	0.07	2e-05	1e-05	1e-05	-2e-05	-389.7979	26.09434	
261.0	5	12.28024	-0.20236	4.28654	24466.68955	-0.04716	8538.8717	25913.91957	88.17123	447.98995	-252.63724	521.81868	0.02014	3.84541	-1e-05	1.34205	-4.07287	-391.63302	0.01942	
261.0	90	12.31615	2.91313	2.90537	2199.29757	563.34892	518.56534	2328.7726	-49.52274	62.42626	142.21443	163.01682	0.07	0.0032	0.00082	0.00075	-0.00338	-377.78859	23.11056	
261.0	122	11.81887	2.92243	4.51485	1398.52923	373.88743	534.21652	1543.06938	-35.18005	-13.12174	101.28174	108.01762	0.07	0.02336	0.00624	0.00892	-0.02577	-376.57791	21.40912	
261.0	124	11.04503	2.93977	6.1618	501.70024	143.29801	280.44533	592.35719	-11.17588	-23.72892	32.11766	41.46693	0.07	0.00035	0.0001	0.0002	-0.00042	-367.72777	25.89601	
262.0	5	12.31677	-0.19967	4.18068	21890.13477	-0.0422	7427.45509	23115.90555	179.3831	-1401.01556	-528.68437	1508.15452	0.06524	3.4322	-1e-05	1.16457	-3.62439	-374.67592	0.07788	
262.0	89	12.51996	2.88002	1.89441	227.35405	57.33747	34.58195	237.0092	-4.37507	9.64649	12.76923	16.59064	0.07	0.00015	4e-05	2e-05	-0.00016	-359.82753	24.86139	
262.0	120	11.8284	2.92206	4.32355	7795.08507	2078.84355	2849.04417	8555.81641	-190.66869	-58.93432	564.67847	598.90699	0.07	0.21636	0.0577	0.07908	-0.23748	-361.99684	20.4401	
262.0	121	10.67278	2.96087	6.77636	57.01931	16.8576	36.31965	69.67422	-1.13506	-3.36442	3.34355	4.87719	0.07	1e-05	0.0	1e-05	-2e-05	-348.25469	28.27547	
263.0	5	12.32828	-0.19717	4.14676	21306.93245	-0.04119	7165.83458	22479.64759	189.60421	-1456.83633	-563.77858	1573.58448	0.07	3.33383	-1e-05	1.12122	-3.51732	-383.96853	2.33725	
263.0	84	12.58667	2.87652	1.39121	27.93023	7.0067	3.11188	28.96334	-0.48634	1.2713	1.50262	2.02746	0.07	2e-05	0.0	0.0	-2e-05	-368.56126	25.48234	
263.0	120	11.87657	2.93484	4.35197	8609.1352	2301.34652	3154.15981	9453.15444	-188.95793	-140.67419	618.39113	661.74158	0.07	0.2776	0.07421	0.10171	-0.30481	-372.04291	20.58438	
263.0	121	10.4737	2.95216	7.08403	181.26746	54.59061	122.83782	225.67046	-2.85034	-12.19727	9.62676	15.79786	0.07	0.00021	6e-05	0.00014	-0.00026	-353.96534	31.78146	
264.0	5	12.319	-0.19508	4.17406	21099.02008	-0.04095	7148.67471	22277.16765	193.89942	-1437.57449	-572.29442	1559.40319	0.07	3.29544	-1e-05	1.11654	-3.47945	-393.00855	4.76429	
264.0	86	12.58482	2.9901	1.12479	1.24262	0.31105	0.10999	1.28567	-0.02011	0.05666	0.06697	0.09	0.07	0.0	0.0	0.0	-0.0	-380.28268	25.98568	
264.0	120	11.86169	2.93505	4.39206	9132.09386	2448.85527	3380.51129	10040.91066	-176.90863	-226.02354	641.63227	702.90489	0.07	0.32199	0.08634	0.11919	-0.35403	-383.0395	20.82885	
265.0	5	12.32199	-0.19326	4.16524	20940.10214	-0.04067	7076.8912	22103.62564	182.89082	-1437.94039	-541.17138	1547.25178	0.07	3.26366	-1e-05	1.10298	-3.44501	-398.80166	6.78738	
265.0	80	12.62717	2.9321	0.75026	19.82653	4.95244	1.1785	20.46965	-0.29869	0.95077	1.02954	1.43287	0.07	2e-05	1e-05	0.0	-2e-05	-385.56034	26.10891	
265.0	118	10.15605	2.93894	7.53793	149.43415	46.3871	110.83174	191.74462	-1.41097	-11.52811	6.72733	13.42182	0.07	0.0001	3e-05	7e-05	-0.00013	-358.87825	38.13565	
265.0	120	11.87577	2.93346	4.35518	9084.46375	2437.74587	3330.46758	9978.08102	-153.80066	-277.16389	622.39059	698.45867	0.07	0.34218	0.09182	0.12545	-0.37584	-387.93029	21.11377	
266.0	5	12.32476	-0.19124	4.15708	20917.5701	-0.04076	7053.85807	22074.91002	172.99168	-1447.30261	-512.99935	1545.24409	0.07	3.25263	-1e-05	1.09686	-3.4326	-402.03633	8.46916	
266.0	78	12.65407	2.88995	0.38629	156.32369	38.99661	4.64889	161.1814	-2.19456	7.86955	7.78161	11.2827	0.07	0.00017	4e-05	0.0	-0.00017	-389.40339	26.52745	
266.0	104	0.41733	-0.13213	13.00027	0.08869	0.0	2.76617	2.76759	0.00612	-0.19363	-0.0002	0.19373	0.07	0.0	0.0	0.0	-0.0	-97.85075	86.72356	
266.0	118	10.0514	2.92143	7.68411	438.47748	137.61882	335.22384	568.83782	-3.23115	-35.05059	18.61564	39.81866	0.07	0.00075	0.00023	0.00057	-0.00097	-358.44011	40.58303	
266.0	120	11.89731	2.93148	4.29723	8654.93499	2322.74299	3125.23438	9490.52815	-129.33136	-297.87859	579.55651	664.33727	0.07	0.34298	0.09205	0.12385	-0.37609	-392.14174	21.40912	
267.0	5	12.31253	-0.18938	4.19326	21018.37728	-0.041	7157.8427	22203.75859	164.74919	-1467.83631	-483.77995	1554.26149	0.07	3.2619	-1e-05	1.11085	-3.44586	-404.34605	10.75544	
267.0	78	12.65926	2.89232	0.05421	143.6034	35.80985	0.66387	148.00244	-1.88151	7.41565	6.98578	10.36016	0.07	9e-05	2e-05	0.0	-9e-05	-392.79947	26.75084	
267.0	118	9.82077	2.90335	7.98385	90.98382	29.27034	74.18398	120.9879	-0.45915	-7.65916	3.58515	8.46917	0.07	3e-05	1e-05	3e-05	-5e-05	-352.70435	44.31788	
267.0	120	11.91507	2.93041	4.24863	8603.64154	2310.64536	3067.43943	9421.83179	-107.94343	-336.9549	556.58471	659.52781	0.07	0.3567	0.0958	0.12717	-0.39063	-394.94668	21.81427	
268.0	5	12.30175	-0.18776	4.22478	21240.64724	-0.04145	7293.37073	22457.92403	151.24395	-1501.48416	-440.47968	1572.05336	0.07	3.29094	-1e-05	1.13001	-3.47954	-405.75912	13.05754	
268.0	77	12.65404	2.90107	-0.28072	150.91286	37.63639	-3.44009	155.57321	-1.81102	7.92416	7.24726	10.89012	0.07	9e-05	2e-05	-0.0	-9e-05	-395.34294	27.07691	
268.0	116	11.77337	2.88457	4.10277	8355.90709	2243.11946	2912.62144	9128.86257	-86.62167	-356.60418	523.13987	639.01892	0.07	0.35854	0.09625	0.12498	-0.39171	-397.13862	22.05989	
268.0	118	9.8114	2.92344	7.98742	366.60995	117.94705	298.93664	487.52177	-1.33956	-31.12758	13.92436	34.12636	0.07	0.00087	0.00028	0.00071	-0.00116	-351.52258	46.21064	
269.0	5	12.27311	-0.18582	4.30689	21609.98711	-0.04243	7582.87666	22901.78075	142.11169	-1544.59902	-405.00426	1603.12517	0.07	3.34216	-1e-05	1.17275	-3.54194	-405.63713	15.62531	
269.0	77	12.64562	2.9163	-0.44385	282.62899	70.51601	-10.04276	291.46614	-3.17283	14.683	13.80618	20.40264	0.07	0.00019	5e-05	-1e-05	-0.0002	-398.30825	26.56413	
269.0	104	0.26011	-0.19618	13.00425	0.31893	-6e-05	13.9879	13.99154	0.04532	-0.97836	-0.00104	0.97941	0.07	0.0	-0.0	0.0	-0.0	-71.35126	90.09484	
269.0	114	11.96173	2.92591	4.1188	7979.58456	2144.19179	2749.51479	8708.10885	-65.21827	-371.41922	478.92404	609.56861	0.07	0.35291	0.09483	0.1216	-0.38513	-398.35815	23.14164	
269.0	118	9.57239	2.95953	8.25866	220.57427	72.66597	190.51772	300.38368	-0.5055	-19.43915	7.9996	21.02688	0.07	0.0003	0.0001	0.00026	-0.00041	-343.75391	49.99672	
270.0	5	12.2522	-0.18381	4.36633	22619.67507	-0.04452	8060.42822	24012.91743	120.99118	-1641.80258	-339.54205	1680.90552	0.07	3.49216	-1e-05	1.24442	-3.70726	-404.62857	17.56897	
270.0	77	12.63567	2.93096	-0.59645	740.23862	184.76856	-34.76155	763.74144	-7.60405	37.49048	37.34739	53.46199	0.07	0.00112	0.00028	-5e-05	-0.00116	-398.57924	26.56668	
270.0	104	0.26222	-0.14805	13.00421	1.24982	-0.00146	56.98585	56.99956	0.16571	-3.98653	-0.00374	3.98997	0.07	0.0	-0.0	1e-05	-1e-05	-65.42228	90.75643	
270.0	114	11.99155	2.92182	4.03441	6497.07816	1744.72809	2189.01406	7074.45286	-45.78714	-310.29676	383.21641	495.21244	0.07	0.29251	0.07855	0.09855	-0.3185	-397.88666	24.06121	
270.0	115	9.33676	2.94045	8.53121	239.04582	80.64046	217.90202	333.35728	-0.38819	-21.73963	8.47119	23.33502	0.07	0.00016	5e-05	0.00015	-0.00023	-334.81869	53.51168	
271.0	5	12.25809	-0.1823	4.3499	23663.24923	-0.04674	8396.46545	25108.76334	106.10147	-1728.73547	-299.02897	1757.61264	0.07	3.64914	-1e-05	1.29483	-3.87205	-403.90981	18.75849	
271.0	75	12.61109	2.94665	-0.93669	157.7765	39.44799	-11.81897	163.06213	-1.44139	8.12712	7.88411	11.41433	0.07	0.00011	3e-05	-1e-05	-0.00011	-397.41296	27.66925	
271.0	104	0.26682	-0.19618	13.00412	2.09789	-0.00385	98.14175	98.16417	0.26465	-6.86639	-0.00593	6.87149	0.07	0.0	-0.0	1e-05	-1e-05	-59.81418	91.18017	
271.0	113	12.06137	2.91721	3.82436	6269.02853	1675.96967	1992.47225	6788.19112	-40.3048	-292.16249	372.566	475.17241	0.07	0.28502	0.0762	0.09059	-0.30862	-398.0927	24.21436	
272.0	5	12.24482	-0.18096	4.3869	24549.06582	-0.04852	8793.5432	26076.48433	90.81119	-1805.35443	-253.52893	1825.32961	0.07	3.78334	-1e-05	1.3552	-4.01874	-402.91391	20.505	
272.0	75	12.59398	2.96321	-1.09721	75.91077	19.00189	-6.66998	78.53665	-0.61643	3.82985	3.89522	5.49731	0.07	2e-05	1e-05	-0.0	-2e-05	-397.1047	27.759	
272.0	104	0.26816	-0.14995	13.00409	0.82323	-0.00272	40.67054	40.67887	0.09032	-2.84602	-0.00202	2.84745	0.07	0.0	-0.0	1e-05	-1e-05	-54.10989	91.77601	
272.0	108	12.12101	2.91152	3.63592	5458.29993	1453.25403	1642.85724	5882.51352	-30.6289	-251.70601	324.41925	411.75466	0.07	0.24885	0.06626	0.0749	-0.26819	-397.92929	24.54271	
273.0	5	12.24491	-0.18019	4.38665	25578.90987	-0.0507	9163.37432	27170.72063	72.93071	-1889.61609	-203.59135	1901.95092	0.07	3.94058	-1e-05	1.41167	-4.1858	-401.89857	21.91064	
273.0	75	12.57494	2.98025	-1.25533	7.44453	1.86566	-0.74757	7.71107	-0.05262	0.36712	0.39219	0.53978	0.07	0.0	0.0	-0.0	-0.0	-397.02112	28.01291	
273.0	103	12.19967	2.90475	3.36886	4472.83987	1183.14396	1240.47972	4790.08518	-22.76233	-197.24172	270.19997	335.30649	0.07	0.20317	0.05374	0.05635	-0.21758	-398.42159	24.61842	
273.0	104	0.27418	-0.19399	13.00397	0.54186	-0.00164	26.49673	26.50227	0.05161	-1.85444	-0.00117	1.85516	0.07	0.0	-0.0	1e-05	-1e-05	-48.88469	92.26324	
273.0	115	9.18428	2.91107	8.70581	25.18736	8.66796	23.96305	35.82966	-0.02316	-2.35054	0.87459	2.50808	0.07	1e-05	0.0	1e-05	-2e-05	-319.76261	58.70005	
274.0	5	12.24258	-0.17995	4.39314	26753.26333	-0.05299	9601.7204	28424.11184	51.19446	-1983.9072	-142.65401	1989.68812	0.07	4.12146	-1e-05	1.47919	-4.37886	-400.59538	23.48223	
274.0	75	12.58854	2.93205	-1.24016	464.27747	116.33487	-46.17696	480.85308	-2.83629	21.52803	25.71921	33.65974	0.07	0.00118	0.0003	-0.00012	-0.00122	-396.98194	27.13246	
274.0	90	12.27058	2.89641	3.10937	2888.50722	758.87433	735.53457	3075.77231	-12.96268	-122.08849	176.86812	215.30435	0.07	0.12948	0.03402	0.03297	-0.13788	-398.04451	24.93063	
274.0	101	0.27792	-0.15626	13.0039	2.97789	-0.00973	146.92954	146.95971	0.1914	-10.28541	-0.00456	10.28719	0.07	0.0	-0.0	5e-05	-5e-05	-43.9552	92.88215	
275.0	5	12.25774	-0.17991	4.35087	28053.74588	-0.05554	9961.14131	29769.73285	28.21281	-2082.18681	-79.46787	2083.89371	0.07	4.32366	-1e-05	1.53522	-4.58813	-399.54275	24.5575	
275.0	74	12.56163	2.88881	-1.57744	2.66049	0.66855	-0.33753	2.76389	-0.01322	0.12631	0.14596	0.19348	0.07	0.0	0.0	-0.0	-0.0	-395.3834	28.13081	
275.0	91	12.3567	2.89068	2.75353	2060.9483	536.84746	461.53234	2179.15699	-8.4634	-79.3072	130.04179	152.55206	0.07	0.09111	0.02373	0.0204	-0.09634	-398.4867	24.90023	
275.0	101	0.27712	-0.20156	13.00391	0.38911	-0.0014	19.42923	19.43312	0.01699	-1.36036	-0.00044	1.36047	0.07	0.0	-0.0	0.0	-0.0	-38.33263	93.22363	
276.0	5	12.27615	-0.17969	4.29821	29447.08459	-0.0584	10311.4184	31200.25866	-0.51302	-2183.99628	1.45269	2183.99682	0.07	4.54165	-1e-05	1.59034	-4.81205	-398.3182	25.65845	
276.0	74	12.53596	2.90971	-1.73202	2.4755	0.623	-0.33848	2.57503	-0.00915	0.11263	0.14042	0.18024	0.07	0.0	0.0	-0.0	-0.0	-394.08538	28.70092	
276.0	88	12.42693	2.8852	2.42401	660.54568	170.72201	129.4192	694.41769	-2.36726	-23.16524	42.64049	48.5844	0.07	0.02857	0.00738	0.0056	-0.03004	-397.84254	25.2561	
276.0	110	8.35119	-0.20129	-9.97175	15.41222	0.00058	-18.55759	24.12303	-0.00042	1.68851	-0.0003	1.68851	0.07	0.0	0.0	-0.0	-0.0	-244.82735	75.58987	
277.0	5	12.28411	-0.18135	4.2755	30065.7621	-0.05936	10466.8758	31835.60177	-13.90112	-2228.0911	39.91787	2228.492	0.07	4.64088	-1e-05	1.61564	-4.91406	-396.86868	29.3397	
277.0	110	8.35192	-0.15265	-9.97115	69.3355	0.00056	-83.32888	108.40255	0.07721	7.5875	0.06429	7.58816	0.07	3e-05	0.0	-4e-05	-5e-05	-239.40365	70.58999	
278.0	5	12.29585	-0.18894	4.24185	30117.83794	-0.05872	10395.49438	31861.42598	-12.85101	-2229.95197	37.21935	2230.29958	0.07	4.65351	-1e-05	1.60621	-4.92292	-395.68569	33.80869	
278.0	110	8.34949	-0.20127	-9.97317	23.90308	-0.00014	-28.70744	37.35604	0.01882	2.6148	0.01566	2.61492	0.07	2e-05	-0.0	-3e-05	-4e-05	-230.29167	64.21117	
279.0	5	12.3015	-0.20126	4.2255	30136.77581	-0.05778	10354.88364	31866.10851	-13.99621	-2230.21781	40.72202	2230.63347	0.07	4.6616	-1e-05	1.60171	-4.92909	-394.08095	37.80905	
280.0	5	12.31455	-0.21802	4.18727	30142.01287	-0.05624	10252.01833	31837.78918	-13.3889	-2228.25805	39.35254	2228.64574	0.07	4.66559	-1e-05	1.58688	-4.92808	-392.86843	41.05454	
280.0	107	0.47502	-0.19682	12.99826	1.77341	0.00011	48.5019	48.53431	-0.02314	-3.39732	0.00085	3.3974	0.07	0.0	0.0	2e-05	-2e-05	-61.76135	112.13099	
281.0	5	12.31454	-0.23833	4.18729	30142.74245	-0.05456	10254.73536	31839.35488	-9.51	-2228.53604	27.94182	2228.73149	0.07	4.66959	-1e-05	1.58862	-4.93243	-391.11823	44.21859	
281.0	107	0.47544	-0.26924	12.99824	1.61731	0.0001	44.22938	44.25894	-0.00763	-3.09897	0.00029	3.09898	0.07	0.0	0.0	2e-05	-2e-05	-63.67283	115.31985	
282.0	5	12.32196	-0.26125	4.16534	30150.3119	-0.05271	10196.37159	31827.77562	-18.15699	-2227.20031	53.67807	2227.92106	0.07	4.67597	-1e-05	1.58134	-4.93612	-389.30691	47.07946	
282.0	107	0.46543	-0.23475	12.99861	1.14411	6e-05	31.34477	31.36564	-0.01595	-2.19544	0.00059	2.1955	0.07	0.0	0.0	0.0	-0.0	-64.80092	118.21959	
283.0	5	12.32506	-0.28712	4.1562	30161.45842	-0.05044	10177.17829	31832.19332	-13.85846	-2227.84676	41.06039	2228.2682	0.07	4.67823	-1e-05	1.57854	-4.93737	-387.33989	49.79582	
283.0	107	0.45854	-0.32994	12.99886	0.00263	-0.0	0.07433	0.07437	-2e-05	-0.00521	0.0	0.00521	0.07	0.0	-0.0	0.0	-0.0	-64.7392	120.74952	
284.0	5	12.3294	-0.31536	4.14347	30163.19578	-0.04812	10144.46667	31823.39679	-11.45723	-2227.35778	34.05597	2227.64758	0.07	4.68173	-1e-05	1.57456	-4.93942	-385.23013	52.24728	
285.0	5	12.33914	-0.34546	4.1143	30184.10193	-0.04548	10071.735	31820.11715	-17.71604	-2226.75664	53.08335	2227.45972	0.07	4.68801	-1e-05	1.56428	-4.94211	-383.34883	54.45546	
286.0	5	12.339	-0.3778	4.11471	30184.29008	-0.04281	10075.08961	31821.35758	-7.29163	-2227.39147	21.83577	2227.51043	0.07	4.68992	-1e-05	1.56543	-4.94428	-380.91778	56.80624	
287.0	5	12.35138	-0.41187	4.07741	30204.64773	-0.03999	9980.2166	31810.77597	-9.8835	-2226.49267	29.90301	2226.71541	0.07	4.69596	-1e-05	1.55164	-4.94567	-378.60384	58.8277	
288.0	5	12.35546	-0.44768	4.06512	30214.92199	-0.03691	9951.38063	31811.49929	-9.74736	-2226.58576	29.58719	2226.80366	0.07	4.69921	-1e-05	1.5477	-4.94752	-376.13614	60.93055	
289.0	5	12.36767	-0.4853	4.02764	30237.66614	-0.03364	9858.38337	31804.15345	-15.69452	-2225.6958	48.13068	2226.27147	0.07	4.70378	-1e-05	1.53357	-4.94746	-373.58706	62.82531	
290.0	5	12.37361	-0.52438	4.00934	30257.69467	-0.03026	9814.34448	31809.58102	-12.08987	-2226.32505	37.26629	2226.66975	0.07	4.70835	-0.0	1.52719	-4.94984	-370.93645	64.7243	
291.0	5	12.38149	-0.56519	3.98491	30277.97101	-0.02681	9756.95283	31811.21904	-9.99104	-2226.54926	30.99826	2226.78744	0.07	4.71135	-0.0	1.51821	-4.94993	-368.13123	66.54965	
292.0	5	12.38668	-0.6074	3.96874	30287.26324	-0.02317	9717.66316	31808.03816	-6.2891	-2226.46779	19.59608	2226.56291	0.07	4.71401	-0.0	1.51249	-4.95071	-365.0644	68.35201	
293.0	5	12.39816	-0.65101	3.93284	30296.82156	-0.01946	9624.07986	31788.6821	-9.10109	-2224.99592	28.64592	2225.19892	0.07	4.71837	-0.0	1.49884	-4.95071	-362.21272	70.04572	
293.0	110	8.17105	-0.64228	-10.12002	18.57242	0.0002	-23.00003	29.56241	0.11558	2.06404	0.09335	2.06938	0.07	0.0	0.0	-0.0	-0.0	-201.69387	17.4881	
294.0	5	12.40877	-0.69606	3.89913	30333.98993	-0.01563	9546.42541	31800.71042	-9.11156	-2225.84246	28.94856	2226.04935	0.07	4.72264	-0.0	1.48626	-4.95099	-359.07877	71.66977	
295.0	5	12.417	-0.74226	3.87277	30348.12608	-0.01174	9480.34379	31794.42836	-8.93297	-2225.40877	28.59314	2225.61038	0.07	4.72611	-0.0	1.47637	-4.95135	-355.80972	73.31282	
295.0	110	8.16316	-0.7601	-10.12639	7.60287	8e-05	-9.41537	12.10177	0.05168	0.84451	0.04174	0.84712	0.07	0.0	0.0	-0.0	-0.0	-200.66	12.64936	
296.0	5	12.42894	-0.78976	3.83446	30373.83585	-0.00776	9387.1666	31791.33217	-7.57349	-2225.27669	24.50351	2225.42449	0.07	4.73015	-0.0	1.46187	-4.95089	-352.5273	74.7246	
297.0	5	12.43984	-0.83843	3.79885	30396.51656	-0.00346	9300.26136	31787.46735	-8.35425	-2224.95571	27.3038	2225.13891	0.07	4.73392	-0.0	1.44841	-4.95055	-349.02763	76.04843	
298.0	5	12.4498	-0.8881	3.76622	30424.05333	0.00062	9219.39058	31790.25296	-11.45769	-2224.96075	37.8106	2225.3115	0.07	4.73834	0.0	1.43586	-4.95111	-343.13647	77.32268	
299.0	5	12.45625	-0.9389	3.74479	30444.75655	0.00485	9169.98618	31795.78349	-3.2314	-2225.6879	10.72957	2225.71611	0.07	4.74122	0.0	1.42806	-4.95162	-325.36097	78.59643	
300.0	5	12.47043	-0.99054	3.69738	30482.01194	0.00921	9054.61563	31798.41373	-8.66464	-2225.67544	29.17144	2225.88347	0.07	4.74671	0.0	1.41	-4.95171	-323.09998	79.64279	
301.0	5	12.48216	-1.04305	3.6574	30523.6868	0.01357	8961.03289	31811.87775	-8.19575	-2226.64291	27.92029	2226.83303	0.07	4.75298	0.0	1.39536	-4.95357	-321.08212	80.70159	
302.0	5	12.49357	-1.09636	3.61848	30610.73123	0.01803	8884.89176	31874.0987	-7.82739	-2231.01382	26.97191	2231.19059	0.07	4.76578	0.0	1.38329	-4.96247	-317.58039	81.74004	
303.0	5	12.50679	-1.15048	3.5724	30655.62746	0.02264	8775.84463	31887.0341	-9.00917	-2231.79145	31.47643	2232.03159	0.07	4.77232	0.0	1.36618	-4.96402	-314.33571	82.74799	
304.0	5	12.51509	-1.20549	3.54317	30690.30992	0.02712	8708.03619	31901.80273	-6.87614	-2233.03973	24.24097	2233.18189	0.07	4.77775	0.0	1.35563	-4.96635	-309.88353	83.49859	
305.0	5	12.52696	-1.26105	3.50093	30714.28172	0.03177	8604.80045	31896.86023	-5.46525	-2232.73876	19.51609	2232.83074	0.07	4.77987	0.0	1.33911	-4.9639	-306.74795	84.21586	
306.0	5	12.53912	-1.31699	3.45713	30281.90354	0.03583	8369.61828	31417.25947	-4.868	-2199.15952	17.62218	2199.23551	0.07	4.71128	1e-05	1.30215	-4.88792	-304.20305	84.80382	
307.0	5	12.55122	-1.37361	3.41304	29540.59037	0.03949	8053.47318	30618.70195	-5.7477	-2143.19471	21.09341	2143.30622	0.07	4.5959	1e-05	1.25295	-4.76363	-300.97984	85.06728	
307.0	110	7.97839	-1.34764	-10.2726	13.63765	0.0	-17.53398	22.21319	0.12786	-1.54651	0.09945	1.55497	0.07	0.0	0.0	-0.0	-0.0	-184.52489	11.6546	
308.0	5	12.56421	-1.43084	3.36473	29297.69953	0.04352	7867.6252	30335.70048	-5.55479	-2123.39591	20.69685	2123.50404	0.07	4.55269	1e-05	1.22258	-4.71399	-296.73247	85.52773	
309.0	5	12.57842	-1.48834	3.31125	29311.20003	0.04789	7738.63599	30315.55597	-7.65392	-2121.88658	29.00346	2122.09859	0.07	4.55113	1e-05	1.20157	-4.70708	-292.33421	86.21274	
309.0	110	7.96709	-1.50937	-10.28141	5.9807	-4e-05	-7.6977	9.74799	0.06983	-0.67658	0.05425	0.68233	0.07	0.0	-0.0	-0.0	-0.0	-183.27928	14.91514	
310.0	5	12.58711	-1.54614	3.27824	29340.01618	0.0527	7663.33534	30324.30144	-5.29753	-2122.41055	20.29684	2122.5142	0.07	4.55251	1e-05	1.18907	-4.70523	-287.2004	86.70521	
311.0	5	12.60045	-1.60435	3.22647	29374.84205	0.05733	7543.33229	30327.92784	-4.39449	-2122.87008	17.12891	2122.94373	0.07	4.55498	1e-05	1.1697	-4.70277	-281.87659	86.93768	
312.0	5	12.6138	-1.66262	3.17401	29391.05288	0.0618	7418.14236	30312.75022	-4.92914	-2121.79794	19.54719	2121.8937	0.07	4.55394	1e-05	1.14939	-4.69675	-277.45429	87.22715	
313.0	5	12.62766	-1.72071	3.11824	29419.81325	0.06641	7287.50237	30308.96076	-5.12044	-2121.5241	20.69065	2121.63117	0.07	4.55538	1e-05	1.1284	-4.69306	-272.47007	87.24614	
314.0	5	12.63923	-1.77893	3.07102	29448.1855	0.07106	7178.32756	30310.4605	-4.73074	-2121.63751	19.42827	2121.73173	0.07	4.55672	1e-05	1.11075	-4.69015	-267.37774	87.19498	
315.0	5	12.65173	-1.83684	3.0192	29472.82754	0.0756	7056.44765	30305.7918	-4.30123	-2121.30675	17.98777	2121.38737	0.07	4.55694	1e-05	1.09103	-4.68573	-262.7792	87.20037	
316.0	5	12.6644	-1.89439	2.96563	29500.03158	0.08012	6931.994	30303.53781	-4.29933	-2121.1678	18.32091	2121.25128	0.07	4.5581	1e-05	1.07107	-4.68225	-257.49197	86.96287	
317.0	5	12.67572	-1.95177	2.91673	29513.34298	0.0845	6814.97794	30289.95441	-4.24781	-2120.21491	18.42211	2120.29919	0.07	4.55745	1e-05	1.05237	-4.67737	-252.96246	86.86456	
317.0	110	7.79208	-1.91629	-10.41462	8.04456	0.00023	-10.78065	13.45129	0.03224	-0.94074	0.02404	0.9416	0.07	0.0	0.0	-0.0	-0.0	-176.18292	23.36007	
318.0	5	12.68881	-2.00853	2.85915	29548.63638	0.08885	6682.16881	30294.77334	-4.12771	-2120.55033	18.28097	2120.63314	0.07	4.55966	1e-05	1.03113	-4.67479	-248.8278	86.56544	
318.0	110	7.79431	-1.94276	-10.41297	3.71426	0.00011	-4.97229	6.2064	0.01632	-0.43397	0.01218	0.43445	0.07	0.0	0.0	-0.0	-0.0	-177.46038	23.82408	
319.0	5	12.70159	-2.0646	2.8016	29684.65935	0.0936	6572.59255	30403.58488	-3.87128	-2128.17544	17.51466	2128.25103	0.07	4.57706	1e-05	1.01342	-4.68791	-247.72345	86.41117	
319.0	110	7.78941	-1.99552	-10.41662	0.18153	0.0	-0.2425	0.30292	0.00079	-0.02118	0.00059	0.0212	0.07	0.0	0.0	-0.0	-0.0	-183.66452	23.24084	
320.0	5	12.71329	-2.11803	2.74839	29563.13335	0.09727	6415.38832	30251.21586	-3.45965	-2117.49364	15.97472	2117.55672	0.07	4.55555	1e-05	0.98858	-4.66158	-295.51648	91.06155	
321.0	5	12.72746	-2.16882	2.68206	28994.12413	0.09922	6133.0168	29635.67325	-3.86533	-2074.39788	18.30711	2074.48226	0.07	4.46402	2e-05	0.94426	-4.5628	-296.06852	90.84252	
321.0	29	2.69208	-2.15144	12.72532	0.94965	-2e-05	4.49364	4.59289	-0.00208	-0.32148	0.00044	0.32148	0.07	-0.0	0.0	-0.0	0.0	0.00791	134.60383	
322.0	5	12.73971	-2.22081	2.62323	28277.94297	0.10044	5846.1153	28875.92635	-3.71713	-2021.23115	18.01467	2021.31484	0.07	4.34881	2e-05	0.89906	-4.44078	-288.73181	90.35164	
323.0	5	12.7536	-2.27332	2.55459	28057.07969	0.1033	5643.51266	28619.03136	-3.52719	-2003.41295	17.57234	2003.49312	0.07	4.3334	2e-05	0.87164	-4.4202	-280.31304	88.78909	
323.0	29	2.86386	-2.32407	12.68758	81.07632	0.00423	359.30033	368.33422	-0.0919	-25.7874	0.02104	25.78757	0.07	0.0	0.0	2e-05	-2e-05	-8.49965	131.31011	
324.0	5	12.76524	-2.32524	2.49545	28246.75487	0.10769	5546.13027	28786.08556	-3.19606	-2014.97958	16.31686	2015.04818	0.07	4.33357	2e-05	0.85088	-4.41631	-271.61446	87.43054	
325.0	5	12.77806	-2.37684	2.42923	28194.64629	0.11111	5383.18265	28703.94981	-3.9544	-2009.39183	20.75281	2009.50289	0.07	4.3213	2e-05	0.82506	-4.39936	-260.82142	85.94241	
325.0	110	7.64368	-2.30411	-10.52398	4.95399	9e-05	-6.81768	8.4275	0.05147	-0.58649	0.03739	0.58993	0.07	0.0	0.0	-0.0	-0.0	-208.78459	18.3942	
326.0	5	12.79105	-2.42792	2.36038	28193.28172	0.11464	5226.91176	28673.71167	-3.87663	-2007.32391	20.95406	2007.43701	0.07	4.31618	2e-05	0.8002	-4.38973	-245.52376	84.22886	
326.0	110	7.5997	-2.44271	-10.55587	1.88248	-1e-05	-2.61623	3.22311	0.00732	-0.22546	0.00527	0.22564	0.07	0.0	-0.0	-0.0	-0.0	-197.73619	20.46117	
327.0	5	12.79989	-2.48078	2.31178	28166.22409	0.11815	5117.25999	28627.30392	-2.5957	-2003.88229	14.3334	2003.93523	0.07	4.30257	2e-05	0.78169	-4.373	-216.6276	82.75605	
328.0	5	12.80965	-2.53474	2.25698	28100.4475	0.12167	4989.23033	28539.92938	-0.22203	-1997.82342	1.29924	1997.82386	0.07	4.28432	2e-05	0.76068	-4.35132	-206.90453	81.73594	
329.0	5	12.81917	-2.58857	2.20239	28038.64223	0.12521	4863.60798	28457.33896	0.92428	-1992.00396	-5.27717	1992.01116	0.07	4.26492	2e-05	0.7398	-4.32861	-201.37771	80.75507	
330.0	5	12.82587	-2.64197	2.16283	27891.1955	0.12828	4758.626	28294.22747	5.18165	-1980.47401	-30.31724	1980.71283	0.07	4.23179	2e-05	0.722	-4.29294	-196.30782	79.73469	
331.0	5	12.83829	-2.69423	2.08749	27680.64762	0.13086	4563.14885	28054.24353	3.69843	-1963.5997	-22.37886	1963.73071	0.07	4.1882	2e-05	0.69042	-4.24473	-192.03261	78.51496	
332.0	5	12.8491	-2.74561	2.0201	27548.82373	0.13366	4401.10532	27898.16153	4.73498	-1952.63752	-29.57944	1952.86729	0.07	4.15662	2e-05	0.66405	-4.20933	-186.54878	77.15692	
333.0	5	12.85907	-2.79583	1.95611	27381.3984	0.1361	4241.76493	27708.00513	5.65824	-1939.23078	-36.46282	1939.5818	0.07	4.11888	2e-05	0.63807	-4.16801	-179.73242	75.61556	
334.0	5	12.86904	-2.84467	1.88914	27213.15223	0.13846	4077.29974	27516.9044	6.29955	-1925.70191	-41.97974	1926.16973	0.07	4.08093	2e-05	0.61144	-4.12648	-173.25664	74.02958	
335.0	5	12.87815	-2.8923	1.82606	27004.19966	0.14051	3915.11283	27286.53345	6.74549	-1909.47636	-46.458	1910.05336	0.07	4.03657	2e-05	0.58523	-4.07878	-166.66425	72.44444	
336.0	5	12.88728	-2.93843	1.75957	26781.36146	0.14212	3745.67444	27042.03023	7.01473	-1892.26852	-50.08316	1892.94419	0.07	3.99043	2e-05	0.55811	-4.02927	-159.2144	70.60475	
337.0	5	12.89695	-2.98294	1.68819	26642.81111	0.14414	3577.46799	26881.92071	6.87583	-1881.02624	-51.13121	1881.73361	0.07	3.95722	2e-05	0.53136	-3.99274	-152.27382	68.74032	
337.0	35	3.50063	-2.99307	12.52706	2.57219	0.0	9.24988	9.60085	0.01339	-0.67191	-0.00372	0.67206	0.07	-0.0	-0.0	-0.0	0.0	13.00764	89.68306	
338.0	5	12.90531	-3.02572	1.62303	26667.58748	0.14687	3444.66771	26889.14201	6.74368	-1881.5113	-52.12731	1882.24533	0.07	3.94821	2e-05	0.50999	-3.98101	-144.67053	66.68784	
339.0	5	12.91376	-3.06665	1.55415	26691.28685	0.14948	3303.03756	26894.88522	6.46576	-1881.90639	-52.16358	1882.6403	0.07	3.93978	2e-05	0.48755	-3.96983	-137.09821	64.65136	
340.0	5	12.92192	-3.10563	1.48506	26714.99678	0.15205	3159.98989	26901.23769	6.07172	-1882.38111	-51.24063	1883.08818	0.07	3.93172	2e-05	0.46506	-3.95913	-129.43542	62.47297	
341.0	5	12.9298	-3.14266	1.41421	26739.35593	0.15444	3010.94372	26908.34328	5.40798	-1882.96638	-47.93023	1883.58407	0.07	3.9239	2e-05	0.44184	-3.94869	-122.5411	60.37148	
342.0	5	12.9375	-3.17779	1.3427	26758.16416	0.15669	2859.67532	26910.53868	4.74383	-1883.21526	-44.28515	1883.74186	0.07	3.9158	2e-05	0.41849	-3.9381	-115.41234	58.23516	
343.0	5	12.9448	-3.21106	1.27055	26778.96998	0.15885	2706.52624	26915.39555	4.04355	-1883.65155	-39.89719	1884.07837	0.07	3.9083	2e-05	0.39501	-3.92821	-108.24964	56.05013	
344.0	5	12.95153	-3.24239	1.19922	26795.74798	0.16079	2553.95166	26917.18371	3.33409	-1883.87751	-34.86225	1884.20301	0.07	3.90058	2e-05	0.37177	-3.91826	-100.72413	53.75659	
345.0	5	12.95812	-3.2717	1.12651	26811.15368	0.16259	2397.69145	26918.15161	2.60372	-1884.04815	-28.98725	1884.27293	0.07	3.8938	2e-05	0.34822	-3.90934	-93.50245	51.45177	
346.0	5	12.96417	-3.29904	1.05409	26825.87974	0.16424	2241.59151	26919.3714	1.90089	-1884.22186	-22.6105	1884.35847	0.07	3.88702	2e-05	0.3248	-3.90057	-86.26828	49.19201	
346.0	12	7.81922	-3.27692	-10.39433	1.4394	0.0	-1.90827	2.39027	-0.00297	-0.16728	-0.00224	0.16732	0.07	0.0	0.0	-0.0	-0.0	-113.09817	24.22675	
347.0	5	12.97006	-3.32439	0.97929	26841.15688	0.16578	2079.65056	26921.60191	1.19253	-1884.44975	-15.2412	1884.51176	0.07	3.88124	2e-05	0.30072	-3.89287	-78.96742	46.8147	
348.0	5	12.97543	-3.34777	0.90585	26854.45563	0.16716	1920.43554	26923.03586	0.58624	-1884.59583	-8.03371	1884.61304	0.07	3.87545	2e-05	0.27714	-3.88535	-71.65785	44.41173	
349.0	5	12.98036	-3.36914	0.83135	26866.70489	0.16837	1758.9936	26924.22497	0.05789	-1884.69496	-0.70377	1884.69509	0.07	3.87007	2e-05	0.25338	-3.87835	-64.37572	41.99048	
350.0	5	12.98489	-3.38842	0.75712	26875.7472	0.16943	1598.22041	26923.22595	-0.36692	-1884.61757	6.36988	1884.62837	0.07	3.86479	2e-05	0.22983	-3.87162	-56.9773	39.48627	
351.0	5	12.98902	-3.40558	0.68284	26887.41785	0.17036	1437.55372	26925.82031	-0.70595	-1884.7574	13.42717	1884.80536	0.07	3.86046	2e-05	0.2064	-3.86597	-49.59156	36.93563	
351.0	12	7.67392	-3.34055	-10.50197	0.5778	1e-05	-0.79151	0.97997	0.00116	-0.06858	0.00084	0.0686	0.07	0.0	0.0	-0.0	-0.0	-91.59766	19.56186	
352.0	5	12.99214	-3.42084	0.62104	26880.90979	0.17109	1303.1285	26912.47768	-0.91978	-1883.77401	19.22052	1883.87229	0.07	3.85368	2e-05	0.18682	-3.85821	-42.31204	34.46258	
352.0	12	7.68205	-3.35844	-10.49603	20.6377	0.00012	-28.22006	34.96121	0.04975	-2.44649	0.03638	2.44727	0.07	0.0	0.0	-0.0	-0.0	-87.35546	18.61273	
353.0	5	12.99602	-3.43363	0.53331	26912.51336	0.17186	1114.67796	26935.58765	-1.08959	-1885.30303	26.59743	1885.49095	0.07	3.85421	2e-05	0.15964	-3.85751	-35.15603	31.94367	
354.0	5	12.99887	-3.44453	0.45806	26927.45976	0.17244	952.99846	26944.31843	-1.03347	-1885.81254	29.54248	1886.04421	0.07	3.85255	2e-05	0.13635	-3.85496	-27.75561	29.39287	
355.0	5	13.0015	-3.45327	0.37795	26929.55378	0.17281	781.04548	26940.87784	-1.09707	-1885.48735	38.24273	1885.87546	0.07	3.85002	2e-05	0.11166	-3.85164	-20.45768	26.78848	
356.0	5	13.00347	-3.45997	0.3	26940.1917	0.17311	614.34007	26947.19545	-1.00544	-1885.77719	44.62219	1886.30532	0.07	3.8494	2e-05	0.08778	-3.8504	-13.02597	24.25	
357.0	11	13.00506	-3.46458	0.22196	26944.50109	0.17324	447.91807	26948.22387	-0.80839	-1885.73118	49.35781	1886.3772	0.07	3.84854	2e-05	0.06398	-3.84907	-5.67	21.67672	
358.0	94	13.00625	-3.46703	0.13835	26949.43423	0.17319	270.04562	26950.78719	-0.53864	-1885.75386	54.96328	1886.55476	0.07	2.29077	1e-05	0.02295	-2.29088	-1.57958	19.23104	
359.0	95	13.0069	-3.46725	0.04111	26954.86717	0.17293	64.10778	26954.94341	-0.12707	-1885.94008	58.51347	1886.84759	0.07	-0.94682	-1e-05	-0.00225	0.94682	0.61939	16.82815	
360.0	8	13.00677	-3.46541	-0.05434	26960.66128	0.17253	-138.09006	26961.01493	0.32964	-1886.25767	62.00124	1887.27641	0.07	-2.11303	-1e-05	0.01082	2.11306	1.44074	14.49283	
